% f evaluations | g evaluations | best noise-free fitness - Fopt (7.135000000000e+01) + sum g_i+ | measured fitness | best measured fitness or single-digit g-values | x1 | x2...
1 0 +7.357246449e+01 +1.449224645e+02 +1.449224645e+02 +0.0000e+00 +0.0000e+00 +0.0000e+00 +0.0000e+00 +0.0000e+00 +0.0000e+00 +0.0000e+00 +0.0000e+00 +0.0000e+00 +0.0000e+00 +0.0000e+00 +0.0000e+00 +0.0000e+00 +0.0000e+00 +0.0000e+00 +0.0000e+00 +0.0000e+00 +0.0000e+00 +0.0000e+00 +0.0000e+00
2 0 +7.353032290e+01 +1.448803229e+02 +1.448803229e+02 +2.5000e-04 +0.0000e+00 +0.0000e+00 +0.0000e+00 +0.0000e+00 +0.0000e+00 +0.0000e+00 +0.0000e+00 +0.0000e+00 +0.0000e+00 +0.0000e+00 +0.0000e+00 +0.0000e+00 +0.0000e+00 +0.0000e+00 +0.0000e+00 +0.0000e+00 +0.0000e+00 +0.0000e+00 +0.0000e+00
100 0 +7.244132180e+01 +1.437913218e+02 +1.437913218e+02 +1.1058e-04 +2.6898e-04 -2.4670e-05 -4.6231e-05 -1.0212e-04 -1.9126e-04 +1.8207e-04 -2.5786e-05 +8.4301e-05 +1.5301e-04 +5.9410e-05 +1.2267e-04 +9.6881e-05 +2.6102e-04 -1.4738e-04 -7.1175e-04 +7.8145e-05 +9.1419e-05 +1.9631e-05 +2.7263e-05
1383 0 +7.219131687e+01 +1.435413169e+02 +1.435413169e+02 +9.4256e-05 +3.4099e-04 -4.8912e-05 -4.4688e-05 -1.3321e-04 -1.9268e-04 +2.2049e-04 -5.8703e-05 +8.7165e-05 +1.4992e-04 +9.7753e-05 +7.3412e-05 +7.5143e-05 +2.6007e-04 -1.7846e-04 -6.7083e-04 +4.2505e-05 +1.9486e-04 +3.9546e-05 -1.7743e-06
% f evaluations | g evaluations | best noise-free fitness - Fopt (-3.552200000000e+02) + sum g_i+ | measured fitness | best measured fitness or single-digit g-values | x1 | x2...
1 0 +6.508868155e+01 -2.901313185e+02 -2.901313185e+02 +0.0000e+00 +0.0000e+00 +0.0000e+00 +0.0000e+00 +0.0000e+00 +0.0000e+00 +0.0000e+00 +0.0000e+00 +0.0000e+00 +0.0000e+00 +0.0000e+00 +0.0000e+00 +0.0000e+00 +0.0000e+00 +0.0000e+00 +0.0000e+00 +0.0000e+00 +0.0000e+00 +0.0000e+00 +0.0000e+00
3 0 +6.494369826e+01 -2.902763017e+02 -2.902763017e+02 +0.0000e+00 +2.5000e-04 +0.0000e+00 +0.0000e+00 +0.0000e+00 +0.0000e+00 +0.0000e+00 +0.0000e+00 +0.0000e+00 +0.0000e+00 +0.0000e+00 +0.0000e+00 +0.0000e+00 +0.0000e+00 +0.0000e+00 +0.0000e+00 +0.0000e+00 +0.0000e+00 +0.0000e+00 +0.0000e+00
59 0 +6.450990528e+01 -2.907100947e+02 -2.907100947e+02 -9.8076e-05 -1.8751e-04 +2.1400e-05 -1.4960e-04 -6.1696e-05 +2.4517e-04 +1.5663e-04 +1.0898e-04 +3.7549e-05 +3.4999e-04 -6.0867e-04 -1.1459e-05 +1.9772e-04 +8.6841e-05 -1.6676e-05 -2.8782e-05 +9.8767e-05 -4.6774e-05 -1.5319e-05 +1.2025e-04
1625 0 +6.358362961e+01 -2.916363704e+02 -2.916363704e+02 -1.4014e-04 -2.3112e-04 +6.6103e-05 -1.5953e-04 -2.0495e-04 +3.7039e-04 +4.5118e-04 +3.1993e-04 +1.0120e-04 +4.4936e-04 -9.4237e-04 -5.4514e-05 +2.7369e-04 +1.3779e-04 -2.1706e-04 +4.8174e-05 +2.3401e-04 -1.4292e-04 -4.1085e-05 -1.5691e-04
% f evaluations | g evaluations | best noise-free fitness - Fopt (9.917000000000e+01) + sum g_i+ | measured fitness | best measured fitness or single-digit g-values | x1 | x2...
1 0 +6.985921835e+01 +1.690292183e+02 +1.690292183e+02 +0.0000e+00 +0.0000e+00 +0.0000e+00 +0.0000e+00 +0.0000e+00 +0.0000e+00 +0.0000e+00 +0.0000e+00 +0.0000e+00 +0.0000e+00 +0.0000e+00 +0.0000e+00 +0.0000e+00 +0.0000e+00 +0.0000e+00 +0.0000e+00 +0.0000e+00 +0.0000e+00 +0.0000e+00 +0.0000e+00
5 0 +6.979233052e+01 +1.689623305e+02 +1.689623305e+02 +0.0000e+00 +0.0000e+00 +0.0000e+00 +2.5000e-04 +0.0000e+00 +0.0000e+00 +0.0000e+00 +0.0000e+00 +0.0000e+00 +0.0000e+00 +0.0000e+00 +0.0000e+00 +0.0000e+00 +0.0000e+00 +0.0000e+00 +0.0000e+00 +0.0000e+00 +0.0000e+00 +0.0000e+00 +0.0000e+00
207 0 +6.917826763e+01 +1.683482676e+02 +1.683482676e+02 +8.6353e-05 +2.6767e-05 +3.3589e-05 +2.8464e-05 -4.6073e-05 +1.6348e-04 +4.6307e-05 +1.8181e-05 -1.1822e-04 +1.7734e-05 -6.2178e-06 +1.9203e-04 +9.5939e-05 -1.8516e-05 -2.0224e-05 +5.1557e-06 -2.0142e-05 +9.4718e-05 -4.5767e-04 +5.5127e-05
1804 0 +6.910521865e+01 +1.682752187e+02 +1.682752187e+02 +9.2655e-05 +4.0693e-05 +2.9574e-05 +3.6287e-05 -4.1679e-05 +1.5633e-04 +7.0843e-05 -2.8589e-06 -1.2480e-04 +1.3536e-05 +4.9014e-06 +2.0201e-04 +9.1952e-05 +6.4685e-07 -2.0182e-05 +1.4397e-06 -4.6021e-05 +9.5684e-05 -4.7913e-04 +5.0773e-05
% f evaluations | g evaluations | best noise-free fitness - Fopt (-5.179100000000e+02) + sum g_i+ | measured fitness | best measured fitness or single-digit g-values | x1 | x2...
1 0 +6.469127597e+01 -4.532187240e+02 -4.532187240e+02 +0.0000e+00 +0.0000e+00 +0.0000e+00 +0.0000e+00 +0.0000e+00 +0.0000e+00 +0.0000e+00 +0.0000e+00 +0.0000e+00 +0.0000e+00 +0.0000e+00 +0.0000e+00 +0.0000e+00 +0.0000e+00 +0.0000e+00 +0.0000e+00 +0.0000e+00 +0.0000e+00 +0.0000e+00 +0.0000e+00
5 0 +6.461936132e+01 -4.532906387e+02 -4.532906387e+02 +0.0000e+00 +0.0000e+00 +0.0000e+00 +2.5000e-04 +0.0000e+00 +0.0000e+00 +0.0000e+00 +0.0000e+00 +0.0000e+00 +0.0000e+00 +0.0000e+00 +0.0000e+00 +0.0000e+00 +0.0000e+00 +0.0000e+00 +0.0000e+00 +0.0000e+00 +0.0000e+00 +0.0000e+00 +0.0000e+00
12 0 +6.454457008e+01 -4.533654299e+02 -4.533654299e+02 +0.0000e+00 +0.0000e+00 +0.0000e+00 +0.0000e+00 +0.0000e+00 +0.0000e+00 +0.0000e+00 +0.0000e+00 +0.0000e+00 +0.0000e+00 +2.5000e-04 +0.0000e+00 +0.0000e+00 +0.0000e+00 +0.0000e+00 +0.0000e+00 +0.0000e+00 +0.0000e+00 +0.0000e+00 +0.0000e+00
1981 0 +6.337376872e+01 -4.545362313e+02 -4.545362313e+02 -4.5327e-04 +1.7174e-04 +2.3757e-04 +2.2052e-04 -4.7050e-04 +3.7411e-05 +1.3619e-05 +1.4998e-04 -1.5068e-04 +1.2682e-05 +8.7467e-05 +2.3991e-04 +4.7167e-04 +2.2657e-04 -5.6528e-05 -2.3408e-04 +1.1336e-04 -2.9883e-04 -1.0479e-04 +1.2959e-04
% f evaluations | g evaluations | best noise-free fitness - Fopt (-5.721000000000e+01) + sum g_i+ | measured fitness | best measured fitness or single-digit g-values | x1 | x2...
1 0 +8.082507635e+01 +2.361507635e+01 +2.361507635e+01 +0.0000e+00 +0.0000e+00 +0.0000e+00 +0.0000e+00 +0.0000e+00 +0.0000e+00 +0.0000e+00 +0.0000e+00 +0.0000e+00 +0.0000e+00 +0.0000e+00 +0.0000e+00 +0.0000e+00 +0.0000e+00 +0.0000e+00 +0.0000e+00 +0.0000e+00 +0.0000e+00 +0.0000e+00 +0.0000e+00
4 0 +8.075541915e+01 +2.354541915e+01 +2.354541915e+01 +0.0000e+00 +0.0000e+00 +2.5000e-04 +0.0000e+00 +0.0000e+00 +0.0000e+00 +0.0000e+00 +0.0000e+00 +0.0000e+00 +0.0000e+00 +0.0000e+00 +0.0000e+00 +0.0000e+00 +0.0000e+00 +0.0000e+00 +0.0000e+00 +0.0000e+00 +0.0000e+00 +0.0000e+00 +0.0000e+00
2215 0 +7.948806921e+01 +2.227806921e+01 +2.227806921e+01 -2.7361e-04 -5.6461e-05 +3.6631e-04 +5.4157e-06 -2.1589e-04 +9.1318e-05 +1.1592e-04 -3.9426e-05 -5.6942e-06 -8.2418e-05 +2.9328e-04 +1.7391e-04 -2.4136e-04 +2.6008e-04 -6.7520e-04 +2.3956e-04 -3.5816e-04 +2.5187e-05 +3.4117e-04 +1.1176e-04
% f evaluations | g evaluations | best noise-free fitness - Fopt (6.626000000000e+01) + sum g_i+ | measured fitness | best measured fitness or single-digit g-values | x1 | x2...
1 0 +8.426409085e+01 +1.505240909e+02 +1.505240909e+02 +0.0000e+00 +0.0000e+00 +0.0000e+00 +0.0000e+00 +0.0000e+00 +0.0000e+00 +0.0000e+00 +0.0000e+00 +0.0000e+00 +0.0000e+00 +0.0000e+00 +0.0000e+00 +0.0000e+00 +0.0000e+00 +0.0000e+00 +0.0000e+00 +0.0000e+00 +0.0000e+00 +0.0000e+00 +0.0000e+00
2 0 +8.418718870e+01 +1.504471887e+02 +1.504471887e+02 +2.5000e-04 +0.0000e+00 +0.0000e+00 +0.0000e+00 +0.0000e+00 +0.0000e+00 +0.0000e+00 +0.0000e+00 +0.0000e+00 +0.0000e+00 +0.0000e+00 +0.0000e+00 +0.0000e+00 +0.0000e+00 +0.0000e+00 +0.0000e+00 +0.0000e+00 +0.0000e+00 +0.0000e+00 +0.0000e+00
147 0 +8.311243740e+01 +1.493724374e+02 +1.493724374e+02 +6.4507e-05 -4.6364e-05 +2.3172e-04 -1.6868e-04 +1.1406e-04 -2.1080e-04 -2.8881e-04 -6.0642e-04 +2.8727e-04 +1.4607e-04 +1.1265e-04 +8.7776e-05 +1.0036e-04 +6.7689e-05 +1.2806e-04 -3.0754e-05 -1.3531e-04 +9.0394e-06 +2.0260e-04 +2.1589e-04
1135 0 +8.290151100e+01 +1.491615110e+02 +1.491615110e+02 +9.1674e-05 -5.1082e-05 +2.7770e-04 -2.6528e-04 +5.9854e-05 -3.0398e-04 -3.9338e-04 -5.9372e-04 +2.8757e-04 +2.3480e-04 +2.2264e-04 +4.7475e-05 +1.4948e-04 +1.2774e-04 +1.7001e-04 -6.1256e-05 -1.7922e-04 -1.6044e-05 +2.4806e-04 +2.4487e-04
% f evaluations | g evaluations | best noise-free fitness - Fopt (-1.386200000000e+02) + sum g_i+ | measured fitness | best measured fitness or single-digit g-values | x1 | x2...
1 0 +1.214025725e+02 -1.721742746e+01 -1.721742746e+01 +0.0000e+00 +0.0000e+00 +0.0000e+00 +0.0000e+00 +0.0000e+00 +0.0000e+00 +0.0000e+00 +0.0000e+00 +0.0000e+00 +0.0000e+00 +0.0000e+00 +0.0000e+00 +0.0000e+00 +0.0000e+00 +0.0000e+00 +0.0000e+00 +0.0000e+00 +0.0000e+00 +0.0000e+00 +0.0000e+00
4 0 +1.213368194e+02 -1.728318063e+01 -1.728318063e+01 +0.0000e+00 +0.0000e+00 +2.5000e-04 +0.0000e+00 +0.0000e+00 +0.0000e+00 +0.0000e+00 +0.0000e+00 +0.0000e+00 +0.0000e+00 +0.0000e+00 +0.0000e+00 +0.0000e+00 +0.0000e+00 +0.0000e+00 +0.0000e+00 +0.0000e+00 +0.0000e+00 +0.0000e+00 +0.0000e+00
1747 0 +1.204109608e+02 -1.820903923e+01 -1.820903923e+01 +1.9767e-05 -4.6823e-05 -8.5473e-06 +3.0922e-05 +4.5109e-05 +1.3540e-05 +7.7466e-05 +5.6132e-05 +1.1724e-04 -7.1756e-05 +8.5278e-05 +8.3056e-05 -8.3865e-05 +7.2034e-05 +2.4103e-05 -2.0170e-05 +1.0730e-05 -2.9155e-06 -1.1282e-04 +2.7730e-05
% f evaluations | g evaluations | best noise-free fitness - Fopt (7.313900000000e+02) + sum g_i+ | measured fitness | best measured fitness or single-digit g-values | x1 | x2...
1 0 +7.230115064e+01 +8.036911506e+02 +8.036911506e+02 +0.0000e+00 +0.0000e+00 +0.0000e+00 +0.0000e+00 +0.0000e+00 +0.0000e+00 +0.0000e+00 +0.0000e+00 +0.0000e+00 +0.0000e+00 +0.0000e+00 +0.0000e+00 +0.0000e+00 +0.0000e+00 +0.0000e+00 +0.0000e+00 +0.0000e+00 +0.0000e+00 +0.0000e+00 +0.0000e+00
2 0 +7.229482328e+01 +8.036848233e+02 +8.036848233e+02 +2.5000e-04 +0.0000e+00 +0.0000e+00 +0.0000e+00 +0.0000e+00 +0.0000e+00 +0.0000e+00 +0.0000e+00 +0.0000e+00 +0.0000e+00 +0.0000e+00 +0.0000e+00 +0.0000e+00 +0.0000e+00 +0.0000e+00 +0.0000e+00 +0.0000e+00 +0.0000e+00 +0.0000e+00 +0.0000e+00
1318 0 +7.174158104e+01 +8.031315810e+02 +8.031315810e+02 +4.1212e-05 +1.3654e-04 -2.4526e-05 +1.4646e-05 -2.8269e-05 +1.0249e-04 +1.1677e-04 +4.5744e-05 -9.3306e-05 -6.7863e-05 -2.2826e-05 +2.3682e-05 +4.3935e-05 -6.3011e-05 -1.5240e-04 +2.0516e-06 +2.1980e-05 +3.8210e-05 +1.6455e-04 -1.0606e-04
% f evaluations | g evaluations | best noise-free fitness - Fopt (7.526000000000e+01) + sum g_i+ | measured fitness | best measured fitness or single-digit g-values | x1 | x2...
1 0 +5.694724158e+01 +1.322072416e+02 +1.322072416e+02 +0.0000e+00 +0.0000e+00 +0.0000e+00 +0.0000e+00 +0.0000e+00 +0.0000e+00 +0.0000e+00 +0.0000e+00 +0.0000e+00 +0.0000e+00 +0.0000e+00 +0.0000e+00 +0.0000e+00 +0.0000e+00 +0.0000e+00 +0.0000e+00 +0.0000e+00 +0.0000e+00 +0.0000e+00 +0.0000e+00
2 0 +5.692684191e+01 +1.321868419e+02 +1.321868419e+02 +2.5000e-04 +0.0000e+00 +0.0000e+00 +0.0000e+00 +0.0000e+00 +0.0000e+00 +0.0000e+00 +0.0000e+00 +0.0000e+00 +0.0000e+00 +0.0000e+00 +0.0000e+00 +0.0000e+00 +0.0000e+00 +0.0000e+00 +0.0000e+00 +0.0000e+00 +0.0000e+00 +0.0000e+00 +0.0000e+00
109 0 +5.612507749e+01 +1.313850775e+02 +1.313850775e+02 +2.5759e-04 +1.9672e-04 +5.3894e-05 -5.8435e-04 -1.5870e-04 -1.2296e-04 +9.6032e-06 -1.2878e-05 -1.2655e-04 -4.3867e-04 +2.1058e-04 +7.1134e-05 +3.9217e-04 -3.6433e-05 +2.2279e-04 +1.3818e-04 -2.0754e-04 +1.0635e-04 -6.3192e-05 +1.5890e-04
2135 0 +5.503110810e+01 +1.302911081e+02 +1.302911081e+02 +1.4041e-03 +8.5224e-04 +1.1388e-04 -2.4627e-03 -5.1760e-04 -8.2998e-04 +2.6879e-04 +2.2813e-04 -8.6498e-05 -1.3556e-03 +5.1756e-04 +3.5070e-04 +1.5197e-03 -4.5367e-05 +1.3551e-05 +5.3729e-04 -3.3616e-04 +4.7083e-04 -8.9899e-04 +5.3917e-04
% f evaluations | g evaluations | best noise-free fitness - Fopt (-4.913000000000e+01) + sum g_i+ | measured fitness | best measured fitness or single-digit g-values | x1 | x2...
1 0 +6.084313915e+01 +1.171313915e+01 +1.171313915e+01 +0.0000e+00 +0.0000e+00 +0.0000e+00 +0.0000e+00 +0.0000e+00 +0.0000e+00 +0.0000e+00 +0.0000e+00 +0.0000e+00 +0.0000e+00 +0.0000e+00 +0.0000e+00 +0.0000e+00 +0.0000e+00 +0.0000e+00 +0.0000e+00 +0.0000e+00 +0.0000e+00 +0.0000e+00 +0.0000e+00
2 0 +6.076667291e+01 +1.163667291e+01 +1.163667291e+01 +2.5000e-04 +0.0000e+00 +0.0000e+00 +0.0000e+00 +0.0000e+00 +0.0000e+00 +0.0000e+00 +0.0000e+00 +0.0000e+00 +0.0000e+00 +0.0000e+00 +0.0000e+00 +0.0000e+00 +0.0000e+00 +0.0000e+00 +0.0000e+00 +0.0000e+00 +0.0000e+00 +0.0000e+00 +0.0000e+00
1358 0 +6.033515696e+01 +1.120515696e+01 +1.120515696e+01 -7.1816e-06 +2.1489e-05 -5.8903e-06 +4.0931e-06 -1.5225e-05 +6.7204e-05 +3.0943e-05 -1.1479e-04 -4.7377e-07 +5.2235e-05 -1.5122e-05 -1.6768e-05 +2.2351e-04 -4.0185e-05 -2.2080e-05 +4.3846e-05 -4.8151e-05 +6.6060e-05 +2.6642e-05 +3.4668e-05
% f evaluations | g evaluations | best noise-free fitness - Fopt (-1.418900000000e+02) + sum g_i+ | measured fitness | best measured fitness or single-digit g-values | x1 | x2...
1 0 +4.494312855e+01 -9.694687145e+01 -9.694687145e+01 +0.0000e+00 +0.0000e+00 +0.0000e+00 +0.0000e+00 +0.0000e+00 +0.0000e+00 +0.0000e+00 +0.0000e+00 +0.0000e+00 +0.0000e+00 +0.0000e+00 +0.0000e+00 +0.0000e+00 +0.0000e+00 +0.0000e+00 +0.0000e+00 +0.0000e+00 +0.0000e+00 +0.0000e+00 +0.0000e+00
2 0 +4.486475638e+01 -9.702524362e+01 -9.702524362e+01 +2.5000e-04 +0.0000e+00 +0.0000e+00 +0.0000e+00 +0.0000e+00 +0.0000e+00 +0.0000e+00 +0.0000e+00 +0.0000e+00 +0.0000e+00 +0.0000e+00 +0.0000e+00 +0.0000e+00 +0.0000e+00 +0.0000e+00 +0.0000e+00 +0.0000e+00 +0.0000e+00 +0.0000e+00 +0.0000e+00
38 0 +4.462911897e+01 -9.726088103e+01 -9.726088103e+01 +1.4888e-04 -3.6809e-05 +5.3592e-05 +2.2052e-05 -5.5378e-05 +4.4063e-05 +9.3688e-06 +3.3581e-05 +1.4888e-04 -7.5804e-05 +1.4888e-04 -1.9928e-05 -4.5823e-06 +1.4888e-04 -9.8272e-05 +1.4888e-04 +7.0129e-05 -2.5892e-04 -3.8862e-04 +1.4888e-04
1775 0 +4.398831932e+01 -9.790168068e+01 -9.790168068e+01 -5.2948e-05 +3.6216e-04 +2.2476e-04 +6.3797e-05 -5.6434e-05 -7.4760e-05 -9.4703e-05 +6.4434e-04 -3.9206e-05 -3.3087e-04 +5.9313e-04 -3.1101e-05 +2.5484e-05 +2.1353e-04 +6.3206e-06 -1.7409e-05 +1.3412e-04 -8.0756e-04 -7.3065e-04 +2.1460e-04
% f evaluations | g evaluations | best noise-free fitness - Fopt (1.095700000000e+02) + sum g_i+ | measured fitness | best measured fitness or single-digit g-values | x1 | x2...
1 0 +1.099459860e+02 +2.195159860e+02 +2.195159860e+02 +0.0000e+00 +0.0000e+00 +0.0000e+00 +0.0000e+00 +0.0000e+00 +0.0000e+00 +0.0000e+00 +0.0000e+00 +0.0000e+00 +0.0000e+00 +0.0000e+00 +0.0000e+00 +0.0000e+00 +0.0000e+00 +0.0000e+00 +0.0000e+00 +0.0000e+00 +0.0000e+00 +0.0000e+00 +0.0000e+00
3 0 +1.098138914e+02 +2.193838914e+02 +2.193838914e+02 +0.0000e+00 +2.5000e-04 +0.0000e+00 +0.0000e+00 +0.0000e+00 +0.0000e+00 +0.0000e+00 +0.0000e+00 +0.0000e+00 +0.0000e+00 +0.0000e+00 +0.0000e+00 +0.0000e+00 +0.0000e+00 +0.0000e+00 +0.0000e+00 +0.0000e+00 +0.0000e+00 +0.0000e+00 +0.0000e+00
22 0 +1.095919071e+02 +2.191619071e+02 +2.191619071e+02 -2.5000e-04 +2.5000e-05 +2.5000e-05 +2.5000e-05 +2.5000e-05 +2.5000e-05 +2.5000e-05 +2.5000e-05 +2.5000e-05 +2.5000e-05 +2.5000e-05 +2.5000e-05 +2.5000e-05 +2.5000e-05 +2.5000e-05 +2.5000e-05 +2.5000e-05 +2.5000e-05 +2.5000e-05 +2.5000e-05
1472 0 +1.088625437e+02 +2.184325437e+02 +2.184325437e+02 -2.8580e-04 -1.5176e-04 +5.9827e-06 +2.3500e-04 -2.2192e-05 +1.6261e-04 +6.1086e-05 -1.6821e-05 -4.4784e-05 -1.5893e-04 -1.6866e-04 -1.3912e-05 -1.0519e-04 +3.4963e-05 +1.5052e-04 +1.6276e-04 +1.1585e-04 +9.3627e-05 +4.8637e-05 +1.7255e-04
% f evaluations | g evaluations | best noise-free fitness - Fopt (7.836000000000e+01) + sum g_i+ | measured fitness | best measured fitness or single-digit g-values | x1 | x2...
1 0 +3.972104146e+01 +1.180810415e+02 +1.180810415e+02 +0.0000e+00 +0.0000e+00 +0.0000e+00 +0.0000e+00 +0.0000e+00 +0.0000e+00 +0.0000e+00 +0.0000e+00 +0.0000e+00 +0.0000e+00 +0.0000e+00 +0.0000e+00 +0.0000e+00 +0.0000e+00 +0.0000e+00 +0.0000e+00 +0.0000e+00 +0.0000e+00 +0.0000e+00 +0.0000e+00
2 0 +3.968673517e+01 +1.180467352e+02 +1.180467352e+02 +2.5000e-04 +0.0000e+00 +0.0000e+00 +0.0000e+00 +0.0000e+00 +0.0000e+00 +0.0000e+00 +0.0000e+00 +0.0000e+00 +0.0000e+00 +0.0000e+00 +0.0000e+00 +0.0000e+00 +0.0000e+00 +0.0000e+00 +0.0000e+00 +0.0000e+00 +0.0000e+00 +0.0000e+00 +0.0000e+00
363 0 +3.890062432e+01 +1.172606243e+02 +1.172606243e+02 -6.6635e-05 +1.3234e-05 +3.1673e-04 -2.2284e-04 -5.2106e-06 -1.1199e-04 +2.1250e-04 +2.0306e-04 -3.1291e-06 +1.1498e-04 -2.9369e-04 +1.4561e-04 +1.6599e-04 +6.3827e-05 -3.0795e-05 -2.2261e-04 +1.4495e-05 +1.0085e-04 -1.8802e-04 +8.1646e-05
1394 0 +3.887574613e+01 +1.172357461e+02 +1.172357461e+02 -6.9745e-05 +1.0749e-05 +3.0835e-04 -2.2312e-04 -1.2084e-05 -1.1560e-04 +2.0547e-04 +2.0073e-04 +1.2677e-06 +1.2010e-04 -2.8926e-04 +1.4905e-04 +1.6841e-04 +6.2527e-05 -3.2355e-05 -2.2547e-04 +2.9473e-05 +1.0329e-04 -1.8706e-04 +7.4425e-05
% f evaluations | g evaluations | best noise-free fitness - Fopt (1.140900000000e+02) + sum g_i+ | measured fitness | best measured fitness or single-digit g-values | x1 | x2...
1 0 +6.229416661e+01 +1.763841666e+02 +1.763841666e+02 +0.0000e+00 +0.0000e+00 +0.0000e+00 +0.0000e+00 +0.0000e+00 +0.0000e+00 +0.0000e+00 +0.0000e+00 +0.0000e+00 +0.0000e+00 +0.0000e+00 +0.0000e+00 +0.0000e+00 +0.0000e+00 +0.0000e+00 +0.0000e+00 +0.0000e+00 +0.0000e+00 +0.0000e+00 +0.0000e+00
2 0 +6.226175368e+01 +1.763517537e+02 +1.763517537e+02 +2.5000e-04 +0.0000e+00 +0.0000e+00 +0.0000e+00 +0.0000e+00 +0.0000e+00 +0.0000e+00 +0.0000e+00 +0.0000e+00 +0.0000e+00 +0.0000e+00 +0.0000e+00 +0.0000e+00 +0.0000e+00 +0.0000e+00 +0.0000e+00 +0.0000e+00 +0.0000e+00 +0.0000e+00 +0.0000e+00
1806 0 +6.185926445e+01 +1.759492644e+02 +1.759492644e+02 +3.0330e-05 +3.7951e-05 +8.5432e-05 -8.3773e-05 +3.1845e-05 +5.8686e-05 -1.1431e-04 +3.4316e-05 +1.0505e-04 +2.6868e-05 -1.2594e-04 -8.0674e-05 -7.1777e-05 -3.8126e-06 +5.0432e-05 -7.4917e-05 +4.5706e-05 +3.2472e-05 +2.4946e-04 +5.3060e-05
% f evaluations | g evaluations | best noise-free fitness - Fopt (-5.445900000000e+02) + sum g_i+ | measured fitness | best measured fitness or single-digit g-values | x1 | x2...
1 0 +9.322658084e+01 -4.513634192e+02 -4.513634192e+02 +0.0000e+00 +0.0000e+00 +0.0000e+00 +0.0000e+00 +0.0000e+00 +0.0000e+00 +0.0000e+00 +0.0000e+00 +0.0000e+00 +0.0000e+00 +0.0000e+00 +0.0000e+00 +0.0000e+00 +0.0000e+00 +0.0000e+00 +0.0000e+00 +0.0000e+00 +0.0000e+00 +0.0000e+00 +0.0000e+00
2 0 +9.305177935e+01 -4.515382206e+02 -4.515382206e+02 +2.5000e-04 +0.0000e+00 +0.0000e+00 +0.0000e+00 +0.0000e+00 +0.0000e+00 +0.0000e+00 +0.0000e+00 +0.0000e+00 +0.0000e+00 +0.0000e+00 +0.0000e+00 +0.0000e+00 +0.0000e+00 +0.0000e+00 +0.0000e+00 +0.0000e+00 +0.0000e+00 +0.0000e+00 +0.0000e+00
1361 0 +9.212610937e+01 -4.524638906e+02 -4.524638906e+02 +9.6797e-05 -1.3176e-04 +2.0675e-05 +9.7692e-05 -1.1007e-04 +1.0290e-04 +2.5787e-04 -1.0831e-05 -5.8706e-05 -3.1788e-05 +9.4819e-05 +6.1091e-05 -9.7600e-05 -7.1869e-05 -1.5749e-04 +8.9876e-05 +2.7464e-04 -8.5531e-05 -2.5327e-05 -7.5033e-05
