% f evaluations | g evaluations | best noise-free fitness - Fopt (-4.620900000000e+02) + sum g_i+ | measured fitness | best measured fitness or single-digit g-values | x1 | x2...
1 0 +1.557121296e+02 -3.063778704e+02 -3.063778704e+02 +3.7261e-01 -5.1424e-01 +5.3395e-02 -1.4339e+00 +2.1590e-01
4 0 +8.311049233e+01 -3.789795077e+02 -3.789795077e+02 -7.7021e-01 -8.8484e-01 -1.2967e-01 -1.6209e-01 +1.1339e+00
10 0 +7.814303630e+01 -3.839469637e+02 -3.839469637e+02 -3.3304e-01 +9.9087e-01 +1.1278e+00 -1.1471e+00 +8.6710e-01
29 0 +7.556149199e+01 -3.865285080e+02 -3.865285080e+02 -1.7016e-01 +1.4458e+00 -7.5040e-01 +2.9801e-01 +8.8549e-01
35 0 +4.725908758e+01 -4.148309124e+02 -4.148309124e+02 +2.8695e-01 +2.2202e+00 +2.4147e+00 +7.4575e-01 +1.5451e+00
77 0 +3.607095446e+01 -4.260190455e+02 -4.260190455e+02 +6.9103e-01 +1.0194e+00 +2.3806e+00 +1.1199e+00 +2.6800e+00
89 0 +3.536748396e+01 -4.267225160e+02 -4.267225160e+02 +5.9459e-01 +2.1691e+00 +2.7853e+00 +6.9187e-01 +2.4320e+00
188 0 +2.020717106e+01 -4.418828289e+02 -4.418828289e+02 +4.8834e-01 +1.5201e+00 +1.6586e+00 +7.1714e-01 +1.9496e+00
506 0 +1.782302858e+01 -4.442669714e+02 -4.442669714e+02 -3.3616e+00 +2.9096e+00 +1.5402e+00 +2.5198e-01 +2.3577e+00
585 0 +1.734340615e+01 -4.447465939e+02 -4.447465939e+02 -3.3132e+00 +2.3749e+00 +1.7488e+00 +7.2614e-01 +2.0529e+00
709 0 +1.602689502e+01 -4.460631050e+02 -4.460631050e+02 -2.0980e+00 +2.3137e+00 +1.6097e+00 +7.3284e-01 +1.9469e+00
830 0 +1.364227746e+01 -4.484477225e+02 -4.484477225e+02 -2.2252e+00 +2.4620e+00 +1.6567e+00 +3.4807e-01 +2.2831e+00
892 0 +1.152011331e+01 -4.505698867e+02 -4.505698867e+02 -2.1814e+00 +2.4183e+00 +1.5834e+00 +3.1506e-01 +2.3127e+00
924 0 +4.602726961e+00 -4.574872730e+02 -4.574872730e+02 -2.3244e+00 +2.3582e+00 +1.5972e+00 +3.4668e-01 +2.3187e+00
988 0 +4.059526291e+00 -4.580304737e+02 -4.580304737e+02 -2.3530e+00 +2.3562e+00 +1.5677e+00 +3.2119e-01 +2.2926e+00
1052 0 +3.849781403e+00 -4.582402186e+02 -4.582402186e+02 -2.2982e+00 +2.3434e+00 +1.5961e+00 +3.0319e-01 +2.3160e+00
1180 0 +3.792158433e+00 -4.582978416e+02 -4.582978416e+02 -2.2549e+00 +2.3129e+00 +1.6240e+00 +3.1779e-01 +2.3123e+00
1182 0 +3.358961546e+00 -4.587310385e+02 -4.587310385e+02 -2.3599e+00 +2.3357e+00 +1.6261e+00 +2.9050e-01 +2.3066e+00
1212 0 +3.262105911e+00 -4.588278941e+02 -4.588278941e+02 -2.3001e+00 +2.3132e+00 +1.6299e+00 +3.4565e-01 +2.3106e+00
1214 0 +3.224270384e+00 -4.588657296e+02 -4.588657296e+02 -2.3670e+00 +2.3421e+00 +1.6273e+00 +3.0034e-01 +2.3068e+00
1215 0 +2.945238436e+00 -4.591447616e+02 -4.591447616e+02 -2.3938e+00 +2.2841e+00 +1.6485e+00 +3.2546e-01 +2.3016e+00
1225 0 +2.632464186e+00 -4.594575358e+02 -4.594575358e+02 -2.3581e+00 +2.3305e+00 +1.6238e+00 +3.0659e-01 +2.3060e+00
1257 0 +2.499800371e+00 -4.595901996e+02 -4.595901996e+02 -2.3478e+00 +2.3283e+00 +1.6204e+00 +3.0656e-01 +2.3020e+00
1276 0 +2.298443750e+00 -4.597915563e+02 -4.597915563e+02 -2.3278e+00 +2.3101e+00 +1.6348e+00 +3.3282e-01 +2.3013e+00
1289 0 +2.171857183e+00 -4.599181428e+02 -4.599181428e+02 -2.3445e+00 +2.3131e+00 +1.6358e+00 +3.1977e-01 +2.3028e+00
1353 0 +2.118672114e+00 -4.599713279e+02 -4.599713279e+02 -2.3406e+00 +2.2909e+00 +1.6327e+00 +3.2647e-01 +2.3011e+00
1372 0 +2.062435277e+00 -4.600275647e+02 -4.600275647e+02 -2.3266e+00 +2.3055e+00 +1.6228e+00 +3.1792e-01 +2.3008e+00
1404 0 +2.026396581e+00 -4.600636034e+02 -4.600636034e+02 -2.3303e+00 +2.3060e+00 +1.6192e+00 +3.1950e-01 +2.2996e+00
1532 0 +1.992322781e+00 -4.600976772e+02 -4.600976772e+02 -2.3375e+00 +2.3000e+00 +1.6168e+00 +3.2049e-01 +2.2992e+00
3200 0 +1.989918350e+00 -4.601000817e+02 -4.601000817e+02 -2.3408e+00 +2.3000e+00 +1.6176e+00 +3.2111e-01 +2.2992e+00
% f evaluations | g evaluations | best noise-free fitness - Fopt (7.766000000000e+01) + sum g_i+ | measured fitness | best measured fitness or single-digit g-values | x1 | x2...
1 0 +4.719711698e+02 +5.496311698e+02 +5.496311698e+02 +1.6781e+00 -2.0770e-01 -8.8647e-01 +1.0851e+00 +1.3174e+00
2 0 +3.189242813e+02 +3.965842813e+02 +3.965842813e+02 +2.8305e-01 +1.5110e+00 +1.0841e+00 +2.3950e-01 +4.9805e-01
4 0 +2.776378701e+02 +3.552978701e+02 +3.552978701e+02 -7.5354e-01 +8.8337e-04 -1.0802e+00 +4.5092e-01 +4.8217e-01
6 0 +1.156205623e+02 +1.932805623e+02 +1.932805623e+02 -1.1138e+00 -1.2640e-01 -1.9126e-01 +7.2595e-01 -1.2436e+00
35 0 +9.286572368e+01 +1.705257237e+02 +1.705257237e+02 -3.1669e-01 +1.1409e+00 +5.2666e-01 +2.3468e+00 -2.3121e+00
41 0 +8.134099962e+01 +1.590009996e+02 +1.590009996e+02 -1.5921e+00 -8.0150e-01 +5.7040e-01 +6.9527e-01 -2.0657e+00
51 0 +7.295149275e+01 +1.506114928e+02 +1.506114928e+02 +3.3031e-01 -8.2528e-01 -6.9835e-01 +4.2600e-01 -1.7472e+00
69 0 +6.807133623e+01 +1.457313362e+02 +1.457313362e+02 -3.0954e+00 -1.6635e+00 -1.7872e+00 +2.5676e+00 -2.7306e+00
84 0 +5.631737663e+01 +1.339773766e+02 +1.339773766e+02 +3.2217e-01 -1.5785e+00 -1.9679e+00 +1.7085e+00 -1.5990e+00
142 0 +5.313320327e+01 +1.307932033e+02 +1.307932033e+02 -8.1796e-01 -3.1128e+00 -1.9084e+00 +3.1607e+00 -1.6929e+00
146 0 +4.275952050e+01 +1.204195205e+02 +1.204195205e+02 +2.1855e+00 -3.1460e+00 -2.7256e+00 +3.7731e+00 -1.6729e+00
180 0 +3.846655031e+01 +1.161265503e+02 +1.161265503e+02 +2.5609e+00 -6.8626e-02 -4.7240e-01 +2.1396e+00 -1.6727e+00
236 0 +3.529468136e+01 +1.129546814e+02 +1.129546814e+02 +2.7557e+00 +1.2617e+00 -6.8216e-01 +2.4532e+00 -2.7695e+00
366 0 +3.181089925e+01 +1.094708992e+02 +1.094708992e+02 +1.5561e+00 -5.9231e-02 -1.3549e+00 +2.1898e+00 -2.3935e+00
381 0 +2.932285472e+01 +1.069828547e+02 +1.069828547e+02 +2.2710e+00 +3.8942e-01 -2.3472e+00 +3.0266e+00 -2.1244e+00
385 0 +2.562141734e+01 +1.032814173e+02 +1.032814173e+02 +3.2865e-01 +8.4298e-01 -1.7919e+00 +3.2698e+00 -1.7585e+00
466 0 +2.165272023e+01 +9.931272023e+01 +9.931272023e+01 +2.3910e+00 +4.9427e-01 -6.9168e-01 +2.9935e+00 -2.8231e+00
505 0 +1.869123438e+01 +9.635123438e+01 +9.635123438e+01 +1.2429e+00 +8.0482e-03 -1.1468e+00 +3.3145e+00 -2.4764e+00
795 0 +1.282162908e+01 +9.048162908e+01 +9.048162908e+01 +1.4261e+00 -8.3224e-01 -1.3599e+00 +3.2581e+00 -2.5057e+00
847 0 +9.257980345e+00 +8.691798034e+01 +8.691798034e+01 +1.3951e+00 -6.5562e-02 -1.2924e+00 +2.9570e+00 -2.4159e+00
910 0 +8.492836856e+00 +8.615283686e+01 +8.615283686e+01 +1.3353e+00 -1.3128e-01 -1.3204e+00 +2.9121e+00 -2.4341e+00
916 0 +7.599137280e+00 +8.525913728e+01 +8.525913728e+01 +1.4864e+00 -4.8778e-03 -1.2662e+00 +2.9455e+00 -2.4402e+00
950 0 +7.135328021e+00 +8.479532802e+01 +8.479532802e+01 +1.4127e+00 +1.1099e-02 -1.3054e+00 +2.8565e+00 -2.4718e+00
982 0 +6.843010850e+00 +8.450301085e+01 +8.450301085e+01 +1.4006e+00 -4.0252e-03 -1.2084e+00 +2.8750e+00 -2.4766e+00
996 0 +6.567527230e+00 +8.422752723e+01 +8.422752723e+01 +1.4701e+00 -1.7524e-01 -1.3017e+00 +2.9285e+00 -2.4627e+00
1006 0 +6.306645692e+00 +8.396664569e+01 +8.396664569e+01 +1.4322e+00 -1.7372e-01 -1.2528e+00 +2.8881e+00 -2.4861e+00
1055 0 +4.774573943e+00 +8.243457394e+01 +8.243457394e+01 +1.3819e+00 -4.8770e-03 -1.2327e+00 +2.8995e+00 -2.4455e+00
1113 0 +3.830485146e+00 +8.149048515e+01 +8.149048515e+01 +1.3990e+00 -5.4672e-02 -1.2402e+00 +2.9044e+00 -2.4678e+00
1145 0 +3.732908166e+00 +8.139290817e+01 +8.139290817e+01 +1.3921e+00 -6.6452e-02 -1.2581e+00 +2.8995e+00 -2.4691e+00
1185 0 +3.690817875e+00 +8.135081787e+01 +8.135081787e+01 +1.3957e+00 -2.7107e-02 -1.2676e+00 +2.8944e+00 -2.4521e+00
1188 0 +3.568046419e+00 +8.122804642e+01 +8.122804642e+01 +1.3940e+00 -6.3595e-02 -1.2679e+00 +2.9038e+00 -2.4734e+00
1189 0 +3.516089973e+00 +8.117608997e+01 +8.117608997e+01 +1.4315e+00 -2.5221e-02 -1.2596e+00 +2.9179e+00 -2.4716e+00
1205 0 +3.140695673e+00 +8.080069567e+01 +8.080069567e+01 +1.4098e+00 -2.9251e-02 -1.2646e+00 +2.9102e+00 -2.4578e+00
1273 0 +3.022128264e+00 +8.068212826e+01 +8.068212826e+01 +1.3950e+00 -3.0399e-02 -1.2699e+00 +2.9143e+00 -2.4624e+00
1401 0 +2.997787686e+00 +8.065778769e+01 +8.065778769e+01 +1.3987e+00 -2.3583e-02 -1.2749e+00 +2.9157e+00 -2.4652e+00
3200 0 +2.984878457e+00 +8.064487846e+01 +8.064487846e+01 +1.4020e+00 -2.4756e-02 -1.2720e+00 +2.9163e+00 -2.4640e+00
% f evaluations | g evaluations | best noise-free fitness - Fopt (1.156800000000e+02) + sum g_i+ | measured fitness | best measured fitness or single-digit g-values | x1 | x2...
1 0 +8.993006232e+02 +1.014980623e+03 +1.014980623e+03 -2.1637e-01 -1.3033e+00 -1.4724e-01 +3.6126e-01 +1.0405e+00
2 0 +2.568651493e+02 +3.725451493e+02 +3.725451493e+02 -1.4686e-01 -3.9609e-01 +1.4930e+00 -1.7440e-01 -1.0192e+00
13 0 +1.250242132e+02 +2.407042132e+02 +2.407042132e+02 +1.8297e+00 -9.2492e-01 +9.6631e-01 +2.0573e-01 -1.8410e+00
34 0 +1.215489081e+02 +2.372289081e+02 +2.372289081e+02 +1.2673e+00 -2.4644e+00 -8.3507e-02 +1.3361e+00 -2.2806e+00
36 0 +6.870368663e+01 +1.843836866e+02 +1.843836866e+02 -1.1537e+00 -1.9310e+00 -4.0303e-01 +4.4166e-01 -2.4803e+00
71 0 +4.322844818e+01 +1.589084482e+02 +1.589084482e+02 -3.1289e+00 -9.9938e-01 -5.4748e-02 +2.1794e+00 -3.8092e+00
268 0 +3.781803363e+01 +1.534980336e+02 +1.534980336e+02 -2.5439e+00 -9.7568e-01 +8.1588e-01 +1.9239e+00 -2.6354e+00
277 0 +2.502790596e+01 +1.407079060e+02 +1.407079060e+02 -3.2241e+00 -3.6381e-01 -8.0331e-01 +2.7195e+00 -2.6480e+00
372 0 +2.422399535e+01 +1.399039954e+02 +1.399039954e+02 -3.9230e+00 -2.2199e-01 -3.9383e-01 +3.0904e+00 -3.7032e+00
399 0 +1.576116350e+01 +1.314411635e+02 +1.314411635e+02 -1.3461e+00 -2.0093e-01 +7.7454e-01 +3.0472e+00 -3.6210e+00
584 0 +1.473552809e+01 +1.304155281e+02 +1.304155281e+02 -2.2224e+00 +3.8391e-01 +3.8012e-01 +3.1155e+00 -3.5830e+00
647 0 +1.081684222e+01 +1.264968422e+02 +1.264968422e+02 -2.2655e+00 +5.8756e-01 -4.2333e-01 +2.7084e+00 -3.2524e+00
1172 0 +1.057261180e+01 +1.262526118e+02 +1.262526118e+02 -2.1579e+00 +4.9483e-01 -3.3335e-01 +2.6697e+00 -2.9787e+00
1274 0 +1.042001892e+01 +1.261000189e+02 +1.261000189e+02 -2.2005e+00 +5.1786e-01 -3.3502e-01 +2.6764e+00 -2.9731e+00
1338 0 +1.019637927e+01 +1.258763793e+02 +1.258763793e+02 -2.2030e+00 +5.4958e-01 -3.3900e-01 +2.6780e+00 -2.9773e+00
1498 0 +9.992591355e+00 +1.256725914e+02 +1.256725914e+02 -2.1897e+00 +5.7944e-01 -3.5386e-01 +2.6790e+00 -2.9826e+00
3200 0 +9.949580517e+00 +1.256295805e+02 +1.256295805e+02 -2.1784e+00 +5.7010e-01 -3.5124e-01 +2.6819e+00 -2.9829e+00
% f evaluations | g evaluations | best noise-free fitness - Fopt (-3.710000000000e+00) + sum g_i+ | measured fitness | best measured fitness or single-digit g-values | x1 | x2...
1 0 +3.914352886e+02 +3.877252886e+02 +3.877252886e+02 -5.3962e-01 +1.8965e+00 -1.2923e+00 -2.6798e-01 -6.9868e-01
2 0 +3.076012144e+02 +3.038912144e+02 +3.038912144e+02 +2.9663e-01 +4.8413e-01 +5.6238e-01 -4.4499e-03 -4.7185e-01
4 0 +2.616063982e+02 +2.578963982e+02 +2.578963982e+02 -1.4335e-01 -2.8373e-01 +1.1812e-02 -2.1445e-01 -9.5200e-03
5 0 +2.408533801e+02 +2.371433801e+02 +2.371433801e+02 -1.1550e+00 -6.2035e-01 -1.8317e-01 -7.8479e-01 +8.7497e-01
7 0 +1.822503782e+02 +1.785403782e+02 +1.785403782e+02 -8.6400e-01 +4.1374e-01 +2.8976e-01 +8.6914e-01 +3.2107e-01
10 0 +1.712851696e+02 +1.675751696e+02 +1.675751696e+02 +3.0259e-01 +5.5078e-01 +4.5552e-01 +8.3963e-01 +9.6251e-01
33 0 +1.138780981e+02 +1.101680981e+02 +1.101680981e+02 +2.0533e-01 +2.9535e-01 -1.1560e+00 +2.3002e+00 +1.6248e+00
38 0 +9.710482748e+01 +9.339482748e+01 +9.339482748e+01 +2.2366e-01 -7.0205e-01 -6.8769e-01 +1.4742e+00 +2.8391e+00
74 0 +7.216654265e+01 +6.845654265e+01 +6.845654265e+01 +1.1239e-01 +7.4273e-01 +2.3776e+00 +3.2223e+00 +3.1276e+00
92 0 +6.338299533e+01 +5.967299533e+01 +5.967299533e+01 -2.1793e-02 +3.9685e-01 +1.2479e+00 +3.1445e+00 +3.2923e+00
100 0 +6.054169242e+01 +5.683169242e+01 +5.683169242e+01 +2.3218e-01 -6.0779e-01 +1.0296e+00 +2.6332e+00 +3.5849e+00
116 0 +4.081273476e+01 +3.710273476e+01 +3.710273476e+01 +7.6222e-01 -6.5201e-01 +3.7993e+00 +3.8954e+00 +2.8494e+00
196 0 +3.213193788e+01 +2.842193788e+01 +2.842193788e+01 +1.5442e+00 -1.1147e+00 +1.2334e+00 +4.3541e+00 +3.1497e+00
228 0 +2.595239059e+01 +2.224239059e+01 +2.224239059e+01 +1.2760e+00 -7.0226e-01 +1.1113e+00 +4.0530e+00 +2.8373e+00
363 0 +2.551586244e+01 +2.180586244e+01 +2.180586244e+01 +8.0088e-01 -7.2221e-01 +1.1540e+00 +3.5338e+00 +2.8641e+00
391 0 +2.510771315e+01 +2.139771315e+01 +2.139771315e+01 +1.3031e+00 -1.4701e+00 +1.4139e+00 +3.5161e+00 +3.4723e+00
407 0 +2.363172617e+01 +1.992172617e+01 +1.992172617e+01 +1.0599e+00 -1.0108e+00 +6.3293e-01 +4.3814e+00 +3.1918e+00
412 0 +2.068740158e+01 +1.697740158e+01 +1.697740158e+01 +1.2492e+00 -1.6369e+00 +1.0761e+00 +3.5433e+00 +3.2213e+00
496 0 +8.598219185e+00 +4.888219185e+00 +4.888219185e+00 +1.2393e+00 -1.4287e+00 +1.1234e+00 +3.9186e+00 +3.1422e+00
642 0 +8.439747949e+00 +4.729747949e+00 +4.729747949e+00 +1.2280e+00 -1.4994e+00 +1.2271e+00 +3.5232e+00 +3.1520e+00
644 0 +8.210992829e+00 +4.500992829e+00 +4.500992829e+00 +1.2216e+00 -1.5612e+00 +1.2087e+00 +3.5052e+00 +3.1493e+00
711 0 +8.038005898e+00 +4.328005898e+00 +4.328005898e+00 +1.2083e+00 -1.5149e+00 +1.1757e+00 +3.5035e+00 +3.1376e+00
714 0 +7.502040471e+00 +3.792040471e+00 +3.792040471e+00 +1.2119e+00 -1.4920e+00 +1.1812e+00 +3.5156e+00 +3.1543e+00
772 0 +7.405405124e+00 +3.695405124e+00 +3.695405124e+00 +1.2092e+00 -1.5006e+00 +1.1851e+00 +3.5017e+00 +3.1503e+00
779 0 +7.144875454e+00 +3.434875454e+00 +3.434875454e+00 +1.1704e+00 -1.4828e+00 +1.2042e+00 +3.4999e+00 +3.1545e+00
864 0 +7.044822000e+00 +3.334822000e+00 +3.334822000e+00 +1.1649e+00 -1.4729e+00 +1.1793e+00 +3.5043e+00 +3.1486e+00
3200 0 +6.964708363e+00 +3.254708363e+00 +3.254708363e+00 +1.1642e+00 -1.4640e+00 +1.1872e+00 +3.5035e+00 +3.1528e+00
% f evaluations | g evaluations | best noise-free fitness - Fopt (1.321800000000e+02) + sum g_i+ | measured fitness | best measured fitness or single-digit g-values | x1 | x2...
1 0 +5.213817053e+02 +6.535617053e+02 +6.535617053e+02 -1.3984e-02 -6.1487e-01 -1.5601e+00 -1.1788e+00 +1.2365e+00
2 0 +3.657756066e+02 +4.979556066e+02 +4.979556066e+02 -2.5437e-01 +4.0945e-01 +1.5210e+00 -3.6739e-01 +8.1712e-01
3 0 +1.486294893e+02 +2.808094893e+02 +2.808094893e+02 -1.9053e+00 -1.2909e+00 +7.3751e-01 -1.7001e+00 -7.8253e-01
10 0 +1.425601832e+02 +2.747401832e+02 +2.747401832e+02 +1.6609e-01 -1.4481e-01 +9.6405e-01 +7.2459e-02 -1.0993e+00
17 0 +1.302373715e+02 +2.624173715e+02 +2.624173715e+02 +1.3154e+00 -6.3931e-01 +5.1974e-01 -3.7871e-01 -7.3601e-01
34 0 +1.030620191e+02 +2.352420191e+02 +2.352420191e+02 -1.9536e-02 +8.7967e-01 +1.1031e+00 -1.2531e+00 -1.3356e+00
36 0 +8.765550842e+01 +2.198355084e+02 +2.198355084e+02 -9.9057e-01 +1.3055e+00 +5.3491e-01 -5.6783e-01 -1.8161e+00
65 0 +5.232098347e+01 +1.845009835e+02 +1.845009835e+02 -2.7756e+00 -6.4766e-01 +1.8732e+00 -2.5602e+00 -2.5851e+00
120 0 +4.888762407e+01 +1.810676241e+02 +1.810676241e+02 -4.3222e-01 +1.3411e+00 +4.0294e+00 -1.5482e+00 -1.5500e+00
263 0 +4.151039224e+01 +1.736903922e+02 +1.736903922e+02 -5.5363e+00 +1.1893e+00 +4.1389e+00 -1.9147e+00 -1.8938e+00
271 0 +2.975716162e+01 +1.619371616e+02 +1.619371616e+02 -2.7854e+00 -7.7919e-01 +4.1199e+00 -2.3721e+00 -1.9243e+00
426 0 +2.931793121e+01 +1.614979312e+02 +1.614979312e+02 -3.2774e+00 +1.5774e+00 +3.4311e+00 -2.8576e+00 -2.1114e+00
431 0 +2.740535478e+01 +1.595853548e+02 +1.595853548e+02 -3.9072e+00 +1.4879e+00 +2.2503e+00 -1.9067e+00 -2.1252e+00
486 0 +2.443859722e+01 +1.566185972e+02 +1.566185972e+02 -3.7420e+00 +3.5648e+00 +2.3121e+00 -1.8893e+00 -2.0921e+00
586 0 +2.214269081e+01 +1.543226908e+02 +1.543226908e+02 -4.6809e+00 +2.2212e+00 +3.9286e+00 -2.0029e+00 -1.8986e+00
650 0 +1.673850385e+01 +1.489185039e+02 +1.489185039e+02 -4.7942e+00 +2.9937e+00 +3.3538e+00 -2.3247e+00 -2.4626e+00
778 0 +1.646900657e+01 +1.486490066e+02 +1.486490066e+02 -5.5354e+00 +2.1331e+00 +3.4341e+00 -2.4090e+00 -2.1892e+00
810 0 +1.364690080e+01 +1.458269008e+02 +1.458269008e+02 -5.8223e+00 +2.2292e+00 +2.8977e+00 -1.8884e+00 -2.1542e+00
1481 0 +1.318788104e+01 +1.453678810e+02 +1.453678810e+02 -5.7968e+00 +3.0792e+00 +3.9857e+00 -1.9459e+00 -2.1695e+00
1697 0 +1.188003422e+01 +1.440600342e+02 +1.440600342e+02 -5.6317e+00 +3.0481e+00 +3.5282e+00 -1.9566e+00 -2.1404e+00
1729 0 +9.581572856e+00 +1.417615729e+02 +1.417615729e+02 -5.7316e+00 +2.9925e+00 +3.4441e+00 -1.9805e+00 -2.1393e+00
1816 0 +9.543814448e+00 +1.417238144e+02 +1.417238144e+02 -5.7501e+00 +3.0148e+00 +3.4816e+00 -1.9786e+00 -2.1202e+00
1966 0 +9.231258217e+00 +1.414112582e+02 +1.414112582e+02 -5.7260e+00 +3.0539e+00 +3.4766e+00 -1.9734e+00 -2.1210e+00
2293 0 +9.036023529e+00 +1.412160235e+02 +1.412160235e+02 -5.7416e+00 +3.0337e+00 +3.4634e+00 -1.9605e+00 -2.1342e+00
3200 0 +8.954670712e+00 +1.411346707e+02 +1.411346707e+02 -5.7204e+00 +3.0357e+00 +3.4617e+00 -1.9655e+00 -2.1309e+00
% f evaluations | g evaluations | best noise-free fitness - Fopt (-3.930000000000e+01) + sum g_i+ | measured fitness | best measured fitness or single-digit g-values | x1 | x2...
1 0 +1.269589188e+02 +8.765891884e+01 +8.765891884e+01 +1.3780e+00 -6.5608e-01 +1.1948e+00 +2.8885e-01 -3.1985e-01
3 0 +1.264548704e+02 +8.715487044e+01 +8.715487044e+01 -5.3990e-01 -1.1804e-01 +5.8670e-01 +5.2956e-01 -2.0299e-01
14 0 +1.156769789e+02 +7.637697892e+01 +7.637697892e+01 -2.3434e-01 +2.9162e-01 +8.7453e-01 +7.8902e-01 -5.2103e-01
21 0 +1.137628592e+02 +7.446285917e+01 +7.446285917e+01 -4.2818e-01 +3.9180e-01 +4.4557e-01 +1.0558e+00 -2.2465e-01
36 0 +9.578493083e+01 +5.648493083e+01 +5.648493083e+01 +4.1072e-01 +9.3190e-01 +5.5408e-01 +1.3853e+00 +6.1294e-01
38 0 +5.490075226e+01 +1.560075226e+01 +1.560075226e+01 -8.8553e-02 +8.5867e-01 +1.7395e+00 +1.8718e+00 +9.7640e-01
90 0 +5.324496182e+01 +1.394496182e+01 +1.394496182e+01 +5.0457e-01 -3.2368e-01 +8.1435e-01 +2.1705e+00 +1.1635e-01
122 0 +3.608327050e+01 -3.216729504e+00 -3.216729504e+00 -2.5203e+00 +3.1840e-01 +6.2785e-01 +2.4686e+00 +6.3165e-01
265 0 +3.052729026e+01 -8.772709735e+00 -8.772709735e+00 -1.5024e+00 -2.8848e-01 +2.3815e+00 +4.3200e+00 +7.7327e-01
272 0 +2.930325081e+01 -9.996749190e+00 -9.996749190e+00 +6.3077e-01 -4.7783e-01 +1.5999e+00 +4.2794e+00 +1.6686e+00
300 0 +1.932170598e+01 -1.997829402e+01 -1.997829402e+01 -2.6451e+00 -4.3108e-01 +1.5540e+00 +3.3615e+00 +1.3182e+00
437 0 +1.867943094e+01 -2.062056906e+01 -2.062056906e+01 -1.5728e+00 +2.6308e-01 +1.7234e+00 +2.8338e+00 +1.3880e+00
613 0 +4.403870833e+00 -3.489612917e+01 -3.489612917e+01 -2.4864e+00 -4.9172e-01 +1.7504e+00 +3.3718e+00 +1.3780e+00
1125 0 +4.006693071e+00 -3.529330693e+01 -3.529330693e+01 -2.5635e+00 -4.2439e-01 +1.7483e+00 +3.3466e+00 +1.3767e+00
1242 0 +3.679734084e+00 -3.562026592e+01 -3.562026592e+01 -2.5194e+00 -4.2150e-01 +1.7471e+00 +3.3563e+00 +1.3880e+00
1306 0 +3.570469446e+00 -3.572953055e+01 -3.572953055e+01 -2.5185e+00 -3.8624e-01 +1.7125e+00 +3.3584e+00 +1.3461e+00
1315 0 +3.529942111e+00 -3.577005789e+01 -3.577005789e+01 -2.5186e+00 -4.2376e-01 +1.7135e+00 +3.3553e+00 +1.3680e+00
1339 0 +3.461031741e+00 -3.583896826e+01 -3.583896826e+01 -2.5573e+00 -3.7469e-01 +1.7426e+00 +3.3809e+00 +1.3560e+00
1347 0 +3.161399904e+00 -3.613860010e+01 -3.613860010e+01 -2.5254e+00 -3.9224e-01 +1.7522e+00 +3.3769e+00 +1.3613e+00
1379 0 +3.056789583e+00 -3.624321042e+01 -3.624321042e+01 -2.5154e+00 -3.9934e-01 +1.7282e+00 +3.3689e+00 +1.3649e+00
1475 0 +3.000931493e+00 -3.629906851e+01 -3.629906851e+01 -2.5307e+00 -3.9252e-01 +1.7323e+00 +3.3688e+00 +1.3624e+00
3200 0 +2.984877193e+00 -3.631512281e+01 -3.631512281e+01 -2.5336e+00 -3.9838e-01 +1.7344e+00 +3.3696e+00 +1.3650e+00
% f evaluations | g evaluations | best noise-free fitness - Fopt (4.296000000000e+01) + sum g_i+ | measured fitness | best measured fitness or single-digit g-values | x1 | x2...
1 0 +1.040014758e+02 +1.469614758e+02 +1.469614758e+02 -1.7541e+00 +3.5531e-01 -4.4390e-01 -1.0498e-01 -4.3237e-01
2 0 +8.376790516e+01 +1.267279052e+02 +1.267279052e+02 -8.6893e-01 +8.8159e-01 -1.1942e+00 -1.4014e-01 -3.7403e-01
3 0 +8.267411694e+01 +1.256341169e+02 +1.256341169e+02 -1.4097e+00 +6.9721e-01 -2.0969e+00 +8.6571e-01 +7.8479e-02
11 0 +7.223038420e+01 +1.151903842e+02 +1.151903842e+02 +2.1536e-03 +8.4138e-01 +1.4194e-02 +1.1517e+00 +1.2383e+00
27 0 +4.695888300e+01 +8.991888300e+01 +8.991888300e+01 +1.6465e+00 +7.8347e-01 -1.0605e+00 +1.4622e-01 +1.0980e+00
53 0 +3.385900289e+01 +7.681900289e+01 +7.681900289e+01 +1.3451e+00 +3.1730e+00 -2.0688e+00 +5.3384e-01 +1.8631e+00
242 0 +2.093171323e+01 +6.389171323e+01 +6.389171323e+01 -2.7950e-01 +1.1019e+00 -2.2125e+00 +1.0171e+00 +2.2852e-01
583 0 +1.692934377e+01 +5.988934377e+01 +5.988934377e+01 +4.5854e-01 +1.6201e+00 -3.2205e+00 +1.0762e+00 +9.0319e-01
694 0 +1.525938783e+01 +5.821938783e+01 +5.821938783e+01 +4.0239e-01 +1.6516e+00 -2.8185e+00 +9.6067e-01 +5.5934e-01
833 0 +1.485725757e+01 +5.781725757e+01 +5.781725757e+01 +4.1958e-01 +1.7063e+00 -3.3289e+00 +9.5899e-01 +9.5072e-01
854 0 +1.467931636e+01 +5.763931636e+01 +5.763931636e+01 +5.9771e-01 +1.6328e+00 -3.4427e+00 +9.5503e-01 +1.2410e+00
918 0 +1.034217995e+01 +5.330217995e+01 +5.330217995e+01 +5.5761e-01 +1.7892e+00 -3.4273e+00 +9.9960e-01 +8.4087e-01
978 0 +6.877070038e+00 +4.983707004e+01 +4.983707004e+01 +5.9518e-01 +1.7499e+00 -3.3743e+00 +9.8622e-01 +9.1771e-01
1010 0 +5.643077546e+00 +4.860307755e+01 +4.860307755e+01 +5.8010e-01 +1.7661e+00 -3.3828e+00 +9.9772e-01 +9.1845e-01
1062 0 +4.662385655e+00 +4.762238566e+01 +4.762238566e+01 +5.0937e-01 +1.7538e+00 -3.4173e+00 +9.8496e-01 +8.8130e-01
1093 0 +4.341757884e+00 +4.730175788e+01 +4.730175788e+01 +5.0255e-01 +1.7758e+00 -3.3450e+00 +9.9949e-01 +8.6667e-01
1138 0 +4.104950535e+00 +4.706495054e+01 +4.706495054e+01 +5.2154e-01 +1.7774e+00 -3.3584e+00 +1.0373e+00 +9.2050e-01
1157 0 +3.966436942e+00 +4.692643694e+01 +4.692643694e+01 +5.4723e-01 +1.7464e+00 -3.3218e+00 +1.0479e+00 +9.0375e-01
1165 0 +3.841434425e+00 +4.680143442e+01 +4.680143442e+01 +5.5388e-01 +1.7215e+00 -3.3979e+00 +1.0504e+00 +8.8544e-01
1170 0 +2.875341846e+00 +4.583534185e+01 +4.583534185e+01 +5.1712e-01 +1.7418e+00 -3.3625e+00 +1.0510e+00 +8.8799e-01
1231 0 +2.746387846e+00 +4.570638785e+01 +4.570638785e+01 +5.3757e-01 +1.7361e+00 -3.3888e+00 +1.0216e+00 +9.0883e-01
1234 0 +2.644185258e+00 +4.560418526e+01 +4.560418526e+01 +5.5132e-01 +1.7533e+00 -3.3543e+00 +1.0128e+00 +8.9182e-01
1266 0 +2.528571134e+00 +4.548857113e+01 +4.548857113e+01 +5.2506e-01 +1.7505e+00 -3.3654e+00 +1.0075e+00 +8.8015e-01
1270 0 +2.400944365e+00 +4.536094436e+01 +4.536094436e+01 +4.9895e-01 +1.7171e+00 -3.3614e+00 +1.0133e+00 +8.8434e-01
1317 0 +2.185676961e+00 +4.514567696e+01 +4.514567696e+01 +5.2409e-01 +1.7524e+00 -3.3619e+00 +1.0284e+00 +8.9504e-01
1362 0 +2.097064620e+00 +4.505706462e+01 +4.505706462e+01 +5.0832e-01 +1.7393e+00 -3.3591e+00 +1.0201e+00 +8.8660e-01
1455 0 +2.074239352e+00 +4.503423935e+01 +4.503423935e+01 +5.1842e-01 +1.7260e+00 -3.3679e+00 +1.0139e+00 +8.9330e-01
1458 0 +2.016062216e+00 +4.497606222e+01 +4.497606222e+01 +5.1161e-01 +1.7370e+00 -3.3616e+00 +1.0192e+00 +8.8971e-01
1554 0 +1.992427494e+00 +4.495242749e+01 +4.495242749e+01 +5.1506e-01 +1.7363e+00 -3.3650e+00 +1.0194e+00 +8.9143e-01
3200 0 +1.989918123e+00 +4.494991812e+01 +4.494991812e+01 +5.1635e-01 +1.7368e+00 -3.3664e+00 +1.0200e+00 +8.9200e-01
% f evaluations | g evaluations | best noise-free fitness - Fopt (2.842200000000e+02) + sum g_i+ | measured fitness | best measured fitness or single-digit g-values | x1 | x2...
1 0 +1.260642151e+02 +4.102842151e+02 +4.102842151e+02 -8.3594e-01 +1.2513e+00 +3.7863e-01 -8.4460e-01 +6.0505e-01
2 0 +6.907523409e+01 +3.532952341e+02 +3.532952341e+02 -5.5887e-01 -2.8320e-01 -9.9866e-01 +1.4910e-01 +9.4233e-01
18 0 +6.047715441e+01 +3.446971544e+02 +3.446971544e+02 -1.3509e-01 +3.0269e-01 +9.2882e-01 +1.3224e+00 +2.0718e+00
49 0 +5.542581825e+01 +3.396458182e+02 +3.396458182e+02 -2.2806e+00 +1.5626e-01 +1.2185e+00 +2.7028e+00 +2.2387e+00
86 0 +5.423812332e+01 +3.384581233e+02 +3.384581233e+02 -1.9900e+00 -1.5663e+00 -1.0015e+00 +9.0041e-01 +1.9634e+00
98 0 +4.149721482e+01 +3.257172148e+02 +3.257172148e+02 -4.1682e+00 -1.5146e+00 -8.3652e-01 +1.8463e+00 +1.6112e+00
267 0 +3.895031430e+01 +3.231703143e+02 +3.231703143e+02 -1.0572e+00 -2.5380e+00 +6.1038e-01 +1.9386e+00 +1.5170e+00
442 0 +3.508054491e+01 +3.193005449e+02 +3.193005449e+02 -3.9584e+00 -2.8274e-01 -2.6844e-01 +6.6673e-01 +1.5343e+00
570 0 +3.298432560e+01 +3.172043256e+02 +3.172043256e+02 -4.0162e+00 -1.0485e+00 -1.8271e-01 +1.3442e+00 +1.1389e+00
681 0 +3.192347498e+01 +3.161434750e+02 +3.161434750e+02 -5.1777e+00 -1.7353e+00 -1.0890e+00 +1.7165e+00 +1.5549e+00
698 0 +3.074358604e+01 +3.149635860e+02 +3.149635860e+02 -4.0290e+00 -1.4224e+00 -2.9598e-01 +2.2234e+00 +1.8672e+00
934 0 +2.505013829e+01 +3.092701383e+02 +3.092701383e+02 -4.2716e+00 -1.6826e-01 -1.5541e+00 +2.1305e+00 +2.4726e+00
987 0 +2.396149873e+01 +3.081814987e+02 +3.081814987e+02 -4.1817e+00 -3.2869e+00 -1.0945e+00 +2.2313e+00 +2.2142e+00
1167 0 +2.071789283e+01 +3.049378928e+02 +3.049378928e+02 -1.2094e+00 -1.0942e+00 -4.3150e-01 +1.8524e+00 +1.5604e+00
2104 0 +1.718657874e+01 +3.014065787e+02 +3.014065787e+02 -1.9743e+00 -2.4637e+00 -5.3124e-01 +2.2248e+00 +2.2520e+00
2345 0 +1.554150991e+01 +2.997615099e+02 +2.997615099e+02 -3.0827e+00 +3.9141e-01 -2.1208e+00 +1.8094e+00 +1.1272e+00
3200 0 +1.554150991e+01 +2.997615099e+02 +2.997615099e+02 -3.0827e+00 +3.9141e-01 -2.1208e+00 +1.8094e+00 +1.1272e+00
% f evaluations | g evaluations | best noise-free fitness - Fopt (-3.217000000000e+01) + sum g_i+ | measured fitness | best measured fitness or single-digit g-values | x1 | x2...
1 0 +5.989571133e+02 +5.667871133e+02 +5.667871133e+02 +1.0059e+00 -1.0430e-01 +6.8744e-01 -1.4619e+00 +3.3130e-01
2 0 +3.445993161e+02 +3.124293161e+02 +3.124293161e+02 +2.6355e+00 +1.1590e-01 -1.9563e+00 +5.5782e-01 -3.6123e-01
6 0 +2.394204743e+02 +2.072504743e+02 +2.072504743e+02 -4.9703e-01 +8.6828e-02 +1.1493e+00 -1.4991e+00 -8.4060e-01
10 0 +1.523187467e+02 +1.201487467e+02 +1.201487467e+02 +1.0247e+00 +7.1978e-01 -5.5622e-02 -1.8227e+00 -1.5589e+00
11 0 +8.857178523e+01 +5.640178523e+01 +5.640178523e+01 +7.5497e-03 -6.9662e-01 +1.4241e+00 +3.8271e-01 -3.1554e+00
35 0 +5.662680875e+01 +2.445680875e+01 +2.445680875e+01 +8.3157e-01 -5.2195e-01 +8.6267e-01 -4.8852e-01 -3.2718e+00
76 0 +5.578540004e+01 +2.361540004e+01 +2.361540004e+01 +1.2423e+00 +2.0317e+00 +1.2606e+00 -6.1483e-01 -4.1791e+00
90 0 +2.542569263e+01 -6.744307373e+00 -6.744307373e+00 -2.0180e-01 +9.5859e-01 -2.2767e-01 -1.2667e-01 -3.2785e+00
401 0 +2.006075918e+01 -1.210924082e+01 -1.210924082e+01 -5.6135e-01 +2.6117e+00 -6.8819e-01 -6.0528e-01 -3.3636e+00
414 0 +1.576262495e+01 -1.640737505e+01 -1.640737505e+01 +1.4444e+00 +1.8043e+00 +1.7598e-02 -1.1817e-01 -3.9570e+00
826 0 +8.600155859e+00 -2.356984414e+01 -2.356984414e+01 +1.4222e+00 +2.5839e+00 -7.0106e-02 -6.8766e-02 -3.3459e+00
990 0 +7.342849142e+00 -2.482715086e+01 -2.482715086e+01 +1.3854e+00 +2.4771e+00 -1.5947e-01 -1.0136e-01 -3.3381e+00
1117 0 +6.772852986e+00 -2.539714701e+01 -2.539714701e+01 +1.4744e+00 +2.5032e+00 -5.5132e-02 -1.5205e-01 -3.3512e+00
1220 0 +6.106538926e+00 -2.606346107e+01 -2.606346107e+01 +1.3992e+00 +2.7175e+00 -7.3178e-02 -1.3516e-01 -3.3798e+00
1257 0 +5.776516442e+00 -2.639348356e+01 -2.639348356e+01 +1.3990e+00 +2.4843e+00 -1.4439e-01 -1.4372e-01 -3.3542e+00
1306 0 +3.576569247e+00 -2.859343075e+01 -2.859343075e+01 +1.4489e+00 +2.6722e+00 -1.1617e-01 -1.4396e-01 -3.3130e+00
1559 0 +3.546824561e+00 -2.862317544e+01 -2.862317544e+01 +1.4849e+00 +2.6713e+00 -1.1775e-01 -1.2612e-01 -3.3362e+00
1565 0 +3.213999551e+00 -2.895600045e+01 -2.895600045e+01 +1.4416e+00 +2.6738e+00 -1.3296e-01 -1.4328e-01 -3.3566e+00
1626 0 +3.082345581e+00 -2.908765442e+01 -2.908765442e+01 +1.4424e+00 +2.6785e+00 -1.2257e-01 -1.4428e-01 -3.3379e+00
1757 0 +3.015976580e+00 -2.915402342e+01 -2.915402342e+01 +1.4541e+00 +2.6786e+00 -1.3485e-01 -1.3681e-01 -3.3385e+00
3200 0 +2.984877175e+00 -2.918512283e+01 -2.918512283e+01 +1.4464e+00 +2.6856e+00 -1.3524e-01 -1.3920e-01 -3.3398e+00
% f evaluations | g evaluations | best noise-free fitness - Fopt (-5.858000000000e+01) + sum g_i+ | measured fitness | best measured fitness or single-digit g-values | x1 | x2...
1 0 +3.499192649e+02 +2.913392649e+02 +2.913392649e+02 +5.3121e-01 -1.0054e+00 +2.0931e-01 +9.7955e-01 +2.2422e-02
4 0 +3.285093027e+02 +2.699293027e+02 +2.699293027e+02 +4.8200e-01 -9.0822e-01 +3.1725e-01 -1.7694e-01 -1.1073e-01
8 0 +2.614282625e+02 +2.028482625e+02 +2.028482625e+02 -1.7363e-01 +2.1611e-01 +6.0361e-01 -2.6727e-02 -7.4823e-01
15 0 +2.417301361e+02 +1.831501361e+02 +1.831501361e+02 -1.2771e+00 -1.0085e-01 -5.7624e-01 +9.1894e-01 -7.8766e-01
21 0 +2.066414614e+02 +1.480614614e+02 +1.480614614e+02 -3.5429e-01 +1.2513e+00 +7.0724e-02 +1.1460e+00 -1.3018e+00
23 0 +1.680985386e+02 +1.095185386e+02 +1.095185386e+02 +1.1476e+00 -4.9391e-01 +7.2150e-01 +5.4421e-01 -1.4263e+00
27 0 +1.563760870e+02 +9.779608702e+01 +9.779608702e+01 -1.7654e+00 +2.3314e-01 -9.8675e-03 -5.9496e-01 -1.9381e+00
30 0 +8.845344314e+01 +2.987344314e+01 +2.987344314e+01 +3.5452e-01 +2.4165e-01 -1.2341e+00 +6.3001e-01 -2.0269e+00
39 0 +6.409824924e+01 +5.518249238e+00 +5.518249238e+00 +1.3437e+00 +1.8834e-02 +1.4222e+00 +2.8136e+00 -3.3050e+00
70 0 +5.487916101e+01 -3.700838987e+00 -3.700838987e+00 -1.6878e+00 -3.6717e+00 +1.5161e+00 +9.7678e-01 -3.5662e+00
141 0 +2.439365986e+01 -3.418634014e+01 -3.418634014e+01 +2.5531e+00 -2.3427e+00 +2.0218e+00 +1.8167e+00 -4.3356e+00
307 0 +1.472704289e+01 -4.385295711e+01 -4.385295711e+01 +7.8843e-01 -3.3733e+00 +4.1159e-01 +1.4122e+00 -3.9118e+00
1635 0 +9.093280182e+00 -4.948671982e+01 -4.948671982e+01 +2.7247e+00 -1.7589e+00 +1.5221e+00 +1.9188e+00 -3.5704e+00
1706 0 +8.125173706e+00 -5.045482629e+01 -5.045482629e+01 +2.6873e+00 -1.8051e+00 +4.2528e-01 +1.8746e+00 -3.9212e+00
2465 0 +7.890165387e+00 -5.068983461e+01 -5.068983461e+01 +2.6602e+00 -1.0581e+00 +3.6668e-01 +1.8849e+00 -3.9095e+00
2510 0 +7.314008500e+00 -5.126599150e+01 -5.126599150e+01 +2.6503e+00 -1.0407e+00 +4.0545e-01 +1.8595e+00 -3.8973e+00
2516 0 +7.019141578e+00 -5.156085842e+01 -5.156085842e+01 +2.6343e+00 -9.9949e-01 +4.1419e-01 +1.8565e+00 -3.9008e+00
2579 0 +6.525223827e+00 -5.205477617e+01 -5.205477617e+01 +2.5922e+00 -9.3342e-01 +4.1769e-01 +1.8630e+00 -3.8948e+00
2632 0 +6.163267774e+00 -5.241673223e+01 -5.241673223e+01 +2.6020e+00 -9.2397e-01 +3.7333e-01 +1.8687e+00 -3.8931e+00
2856 0 +6.012537002e+00 -5.256746300e+01 -5.256746300e+01 +2.5947e+00 -9.7212e-01 +3.8182e-01 +1.8654e+00 -3.8966e+00
3200 0 +5.972912255e+00 -5.260708774e+01 -5.260708774e+01 +2.5925e+00 -9.5432e-01 +3.7795e-01 +1.8660e+00 -3.8971e+00
% f evaluations | g evaluations | best noise-free fitness - Fopt (-6.049200000000e+02) + sum g_i+ | measured fitness | best measured fitness or single-digit g-values | x1 | x2...
1 0 +1.541557080e+02 -4.507642920e+02 -4.507642920e+02 +1.4725e+00 +2.1042e+00 -6.8450e-01 -1.1350e+00 +1.1242e+00
2 0 +6.410695659e+01 -5.408130434e+02 -5.408130434e+02 +1.1231e+00 +7.0109e-01 -1.8699e-01 -2.6177e-01 +7.3562e-01
11 0 +6.111688922e+01 -5.438031108e+02 -5.438031108e+02 -1.7804e-01 +2.6274e-01 +1.6925e+00 +1.1027e+00 -6.3998e-01
43 0 +5.750697981e+01 -5.474130202e+02 -5.474130202e+02 +1.7422e+00 +4.4921e-01 +3.8541e-01 +1.2970e+00 +1.0357e+00
55 0 +5.157382230e+01 -5.533461777e+02 -5.533461777e+02 -9.6747e-01 -1.1170e-01 +5.5367e-01 -8.2345e-02 -3.5827e-01
68 0 +3.839934694e+01 -5.665206531e+02 -5.665206531e+02 -8.0996e-01 +4.4637e-01 +9.9408e-01 +1.8702e+00 +1.2270e+00
126 0 +3.193335541e+01 -5.729866446e+02 -5.729866446e+02 -1.9714e+00 -2.0030e-01 +1.8935e+00 +1.5919e+00 +3.3498e-01
311 0 +2.448036095e+01 -5.804396391e+02 -5.804396391e+02 -2.7355e+00 -1.0404e+00 +2.8639e+00 +1.8978e+00 +6.6978e-01
427 0 +1.716855850e+01 -5.877514415e+02 -5.877514415e+02 -1.0135e+00 -1.8029e+00 +3.1565e+00 +1.9498e+00 +1.0975e+00
469 0 +1.420731694e+01 -5.907126831e+02 -5.907126831e+02 -1.0005e+00 -1.7481e+00 +2.7134e+00 +1.8489e+00 +7.6897e-01
740 0 +1.130515113e+01 -5.936148489e+02 -5.936148489e+02 -3.0066e+00 -1.8407e+00 +2.0724e+00 +1.8758e+00 +1.0448e+00
824 0 +1.102227287e+01 -5.938977271e+02 -5.938977271e+02 -3.0800e+00 -1.7768e+00 +1.9929e+00 +1.8677e+00 +3.5778e-01
978 0 +8.268004307e+00 -5.966519957e+02 -5.966519957e+02 -2.9852e+00 -1.8289e+00 +2.0273e+00 +1.9064e+00 +7.5049e-01
1198 0 +6.923368928e+00 -5.979966311e+02 -5.979966311e+02 -2.9803e+00 -1.8383e+00 +2.1102e+00 +1.8968e+00 +7.1481e-01
1294 0 +6.380346552e+00 -5.985396534e+02 -5.985396534e+02 -2.9977e+00 -1.8186e+00 +2.0767e+00 +1.9005e+00 +7.1294e-01
1454 0 +6.221016584e+00 -5.986989834e+02 -5.986989834e+02 -2.9877e+00 -1.8164e+00 +2.0707e+00 +1.8905e+00 +7.3822e-01
1458 0 +6.049013789e+00 -5.988709862e+02 -5.988709862e+02 -2.9714e+00 -1.8114e+00 +2.0739e+00 +1.8899e+00 +7.1893e-01
1501 0 +6.007617904e+00 -5.989123821e+02 -5.989123821e+02 -2.9397e+00 -1.8228e+00 +2.0726e+00 +1.8854e+00 +7.2679e-01
3200 0 +5.969749942e+00 -5.989502501e+02 -5.989502501e+02 -2.9542e+00 -1.8203e+00 +2.0736e+00 +1.8880e+00 +7.2337e-01
% f evaluations | g evaluations | best noise-free fitness - Fopt (1.337000000000e+02) + sum g_i+ | measured fitness | best measured fitness or single-digit g-values | x1 | x2...
1 0 +7.193863534e+02 +8.530863534e+02 +8.530863534e+02 -2.7724e-01 +1.4566e-01 +1.5671e-01 +6.4669e-01 +6.8720e-01
3 0 +3.663767815e+02 +5.000767815e+02 +5.000767815e+02 +3.3081e-01 +2.7508e-01 -1.3859e+00 -8.0151e-01 -1.7725e-01
9 0 +3.622755846e+02 +4.959755846e+02 +4.959755846e+02 +7.2645e-01 +1.3571e-01 -4.7298e-01 +6.4940e-01 -1.2390e-01
10 0 +2.333836055e+02 +3.670836055e+02 +3.670836055e+02 +1.0056e+00 +3.4760e-01 +1.0145e-01 -1.8949e-01 -9.6613e-01
11 0 +2.177312608e+02 +3.514312608e+02 +3.514312608e+02 -2.4211e-01 +5.7903e-02 +6.7442e-01 -9.9039e-01 -1.3093e+00
23 0 +1.955841502e+02 +3.292841502e+02 +3.292841502e+02 -4.3058e-01 +2.6127e-01 -5.5630e-01 +3.4184e-01 -1.1026e+00
31 0 +1.512544748e+02 +2.849544748e+02 +2.849544748e+02 +8.4145e-01 +2.9606e-01 +5.1233e-01 -1.2888e-02 -1.7123e+00
42 0 +9.281603023e+01 +2.265160302e+02 +2.265160302e+02 +1.4552e+00 -4.4457e-01 +1.0614e+00 -1.2091e-01 -1.8964e+00
49 0 +7.394631189e+01 +2.076463119e+02 +2.076463119e+02 -5.2923e-01 +9.5582e-01 -1.0968e+00 -5.7004e-01 -2.8777e+00
68 0 +5.417531657e+01 +1.878753166e+02 +1.878753166e+02 -1.6758e+00 -1.7133e-01 -2.8349e-01 +1.0370e+00 -3.2905e+00
78 0 +5.057076819e+01 +1.842707682e+02 +1.842707682e+02 -1.5762e-01 +1.8224e-01 -2.0020e+00 +1.8116e+00 -4.0167e+00
122 0 +4.699313844e+01 +1.806931384e+02 +1.806931384e+02 +1.5432e+00 +2.5001e+00 -2.5412e-01 +2.9496e+00 -2.9483e+00
170 0 +4.481463502e+01 +1.785146350e+02 +1.785146350e+02 +2.8877e+00 +1.4361e+00 -4.1221e-01 +2.8231e+00 -3.0713e+00
171 0 +4.176580000e+01 +1.754658000e+02 +1.754658000e+02 +3.9764e+00 +1.7435e+00 -4.3100e-01 +9.7571e-01 -4.3208e+00
229 0 +4.141318748e+01 +1.751131875e+02 +1.751131875e+02 +6.6332e-01 -3.9140e-01 -1.5076e+00 +2.0657e+00 -4.2894e+00
235 0 +4.014383249e+01 +1.738438325e+02 +1.738438325e+02 +3.2495e+00 +1.7265e+00 +6.9943e-01 +1.7043e+00 -3.3296e+00
236 0 +3.571636561e+01 +1.694163656e+02 +1.694163656e+02 +1.4496e+00 +4.8352e-01 -2.9534e-01 +1.0412e+00 -4.3002e+00
266 0 +2.700911945e+01 +1.607091194e+02 +1.607091194e+02 +2.5083e+00 +9.2170e-01 +1.3167e-01 +1.2039e+00 -3.9960e+00
337 0 +2.460484512e+01 +1.583048451e+02 +1.583048451e+02 +1.4820e+00 +9.3420e-01 +7.4920e-01 +1.8950e+00 -2.9155e+00
341 0 +2.409597610e+01 +1.577959761e+02 +1.577959761e+02 -5.3999e-01 -5.5881e-01 -4.1134e-01 +1.8759e+00 -3.7049e+00
489 0 +1.860437998e+01 +1.523043800e+02 +1.523043800e+02 +3.3958e-01 +8.1696e-01 -4.3579e-01 +1.4776e+00 -4.0014e+00
673 0 +1.462186508e+01 +1.483218651e+02 +1.483218651e+02 +4.1821e-01 +9.5717e-01 -1.0714e+00 +1.4528e+00 -3.9794e+00
698 0 +1.029273466e+01 +1.439927347e+02 +1.439927347e+02 +5.0296e-01 +9.7354e-01 -8.5452e-01 +1.5149e+00 -3.6746e+00
808 0 +9.906324742e+00 +1.436063247e+02 +1.436063247e+02 +4.9762e-01 +9.6667e-01 -1.0518e+00 +1.5215e+00 -3.9815e+00
872 0 +9.530585184e+00 +1.432305852e+02 +1.432305852e+02 +5.2076e-01 +9.0808e-01 -9.1984e-01 +1.4849e+00 -3.9850e+00
905 0 +8.336438079e+00 +1.420364381e+02 +1.420364381e+02 +5.1024e-01 +9.0008e-01 -9.8348e-01 +1.5191e+00 -3.9879e+00
929 0 +7.949532947e+00 +1.416495329e+02 +1.416495329e+02 +4.4001e-01 +9.4206e-01 -9.9950e-01 +1.4994e+00 -3.9992e+00
937 0 +7.576177646e+00 +1.412761776e+02 +1.412761776e+02 +4.9212e-01 +9.7858e-01 -9.9830e-01 +1.5196e+00 -3.9941e+00
968 0 +7.376697040e+00 +1.410766970e+02 +1.410766970e+02 +4.6541e-01 +9.4119e-01 -9.6180e-01 +1.5104e+00 -3.9989e+00
1001 0 +7.190089738e+00 +1.408900897e+02 +1.408900897e+02 +4.9952e-01 +9.7021e-01 -9.8564e-01 +1.5152e+00 -3.9937e+00
1057 0 +7.068451558e+00 +1.407684516e+02 +1.407684516e+02 +4.9234e-01 +9.4540e-01 -9.7499e-01 +1.5096e+00 -3.9986e+00
3200 0 +6.964708380e+00 +1.406647084e+02 +1.406647084e+02 +5.1936e-01 +9.5440e-01 -9.7444e-01 +1.5091e+00 -3.9971e+00
% f evaluations | g evaluations | best noise-free fitness - Fopt (-2.098000000000e+01) + sum g_i+ | measured fitness | best measured fitness or single-digit g-values | x1 | x2...
1 0 +1.207993046e+02 +9.981930458e+01 +9.981930458e+01 -5.3461e-01 -4.1705e-02 -5.2018e-01 -1.5995e+00 +1.0798e+00
2 0 +5.948135977e+01 +3.850135977e+01 +3.850135977e+01 -1.1880e+00 -9.6461e-01 +9.4564e-01 +1.2889e+00 +1.8101e+00
36 0 +5.833155552e+01 +3.735155552e+01 +3.735155552e+01 -1.9384e+00 -4.4122e-01 +9.8790e-01 -5.9170e-01 +1.7996e+00
38 0 +5.626765826e+01 +3.528765826e+01 +3.528765826e+01 -8.6471e-01 +1.1026e+00 +2.8445e-01 +2.4037e-02 +7.4067e-01
58 0 +4.270462999e+01 +2.172462999e+01 +2.172462999e+01 +1.7709e+00 +3.6546e-01 +3.0130e-01 +8.5722e-02 +2.2041e+00
121 0 +3.387412262e+01 +1.289412262e+01 +1.289412262e+01 +1.6616e+00 +1.1269e+00 -2.0835e-01 +1.2647e+00 +2.8800e+00
148 0 +3.257358766e+01 +1.159358766e+01 +1.159358766e+01 +2.6196e-01 +1.1562e+00 -4.4347e-01 +9.0392e-01 +2.5866e+00
196 0 +2.640484967e+01 +5.424849671e+00 +5.424849671e+00 +1.0054e-01 +1.2044e+00 -7.6254e-01 +7.7695e-01 +2.1472e+00
303 0 +2.207389573e+01 +1.093895728e+00 +1.093895728e+00 +1.4534e-02 +1.2855e+00 +8.1340e-01 -7.9682e-03 +3.2043e+00
382 0 +1.699459427e+01 -3.985405730e+00 -3.985405730e+00 +1.2431e-01 +3.4680e+00 +3.1001e-01 +3.3043e-01 +2.4429e+00
446 0 +1.312044078e+01 -7.859559222e+00 -7.859559222e+00 +7.6398e-02 +2.7256e+00 +2.1567e-01 -9.2732e-02 +2.8831e+00
874 0 +9.603145876e+00 -1.137685412e+01 -1.137685412e+01 +1.9824e-01 +2.7825e+00 +2.7060e-01 -2.1964e-02 +2.2043e+00
1371 0 +8.124233202e+00 -1.285576680e+01 -1.285576680e+01 +8.4217e-02 +2.6358e+00 +3.0199e-01 +3.8246e-01 +2.8228e+00
1686 0 +7.701104838e+00 -1.327889516e+01 -1.327889516e+01 +1.3028e-01 +2.6758e+00 +2.9982e-01 +3.7426e-01 +2.8754e+00
1700 0 +7.294325974e+00 -1.368567403e+01 -1.368567403e+01 +6.8697e-02 +2.7578e+00 +2.9566e-01 +3.7502e-01 +2.8230e+00
1704 0 +7.146034357e+00 -1.383396564e+01 -1.383396564e+01 +8.1340e-02 +2.7605e+00 +3.0750e-01 +3.8951e-01 +2.8451e+00
1734 0 +7.075927821e+00 -1.390407218e+01 -1.390407218e+01 +1.0027e-01 +2.7229e+00 +2.9529e-01 +3.6857e-01 +2.8648e+00
1785 0 +6.894574636e+00 -1.408542536e+01 -1.408542536e+01 +1.1400e-01 +2.7114e+00 +2.6010e-01 +3.6863e-01 +2.8296e+00
1798 0 +6.367950959e+00 -1.461204904e+01 -1.461204904e+01 +1.1062e-01 +2.7300e+00 +2.7703e-01 +3.7491e-01 +2.8627e+00
1800 0 +6.282352565e+00 -1.469764743e+01 -1.469764743e+01 +9.7097e-02 +2.7636e+00 +2.7964e-01 +3.7906e-01 +2.8402e+00
1864 0 +6.151132588e+00 -1.482886741e+01 -1.482886741e+01 +1.0539e-01 +2.7618e+00 +2.7716e-01 +3.8945e-01 +2.8434e+00
2004 0 +6.016070765e+00 -1.496392924e+01 -1.496392924e+01 +1.1705e-01 +2.7508e+00 +2.6488e-01 +3.9063e-01 +2.8475e+00
3200 0 +5.969749680e+00 -1.501025032e+01 -1.501025032e+01 +1.0412e-01 +2.7504e+00 +2.6401e-01 +3.8640e-01 +2.8514e+00
% f evaluations | g evaluations | best noise-free fitness - Fopt (1.353300000000e+02) + sum g_i+ | measured fitness | best measured fitness or single-digit g-values | x1 | x2...
1 0 +2.878128469e+02 +4.231428469e+02 +4.231428469e+02 -5.2122e-03 -1.2455e+00 +8.1784e-01 -5.7488e-01 -1.1406e+00
4 0 +2.181448428e+02 +3.534748428e+02 +3.534748428e+02 +2.3137e-01 -1.1994e+00 +3.9346e-01 -8.1822e-01 -4.5636e-01
6 0 +1.653648072e+02 +3.006948072e+02 +3.006948072e+02 -1.0499e-01 -6.0441e-02 -3.2221e-01 -8.5555e-01 +4.3178e-01
8 0 +1.502340539e+02 +2.855640539e+02 +2.855640539e+02 +4.0530e-01 +1.4176e+00 +1.1301e+00 +3.1089e-01 +9.4270e-01
10 0 +1.285555475e+02 +2.638855475e+02 +2.638855475e+02 -1.5334e+00 +1.3355e+00 -6.2504e-01 -7.7203e-01 +5.1792e-01
11 0 +1.058350849e+02 +2.411650849e+02 +2.411650849e+02 -3.9785e-01 +6.5203e-01 -4.7622e-01 -6.2220e-01 +1.4076e+00
19 0 +9.002934431e+01 +2.253593443e+02 +2.253593443e+02 -2.1319e-01 +1.4284e+00 +1.3920e+00 -9.2919e-01 +1.3039e+00
22 0 +7.432589164e+01 +2.096558916e+02 +2.096558916e+02 +7.4211e-01 -1.4131e+00 -1.3657e+00 -1.4336e+00 +1.9470e+00
33 0 +6.017397753e+01 +1.955039775e+02 +1.955039775e+02 +1.8719e+00 -5.1491e-02 +4.4345e-02 -2.2497e+00 +2.9341e+00
36 0 +4.423512009e+01 +1.795651201e+02 +1.795651201e+02 +1.2037e+00 +8.2135e-01 +2.7986e-01 -1.5395e+00 +2.5628e+00
198 0 +3.826072441e+01 +1.735907244e+02 +1.735907244e+02 -1.5784e+00 +7.8119e-01 -1.2466e-02 -2.8913e+00 +3.1742e+00
358 0 +1.799229273e+01 +1.533222927e+02 +1.533222927e+02 -1.2345e+00 -7.5654e-01 +4.7764e-01 -3.0182e+00 +3.2415e+00
548 0 +1.194612386e+01 +1.472761239e+02 +1.472761239e+02 -4.2444e-01 +1.6409e+00 +1.0075e+00 -2.2011e+00 +3.2065e+00
882 0 +5.006814223e+00 +1.403368142e+02 +1.403368142e+02 +5.1852e-01 +8.1379e-01 +1.0095e+00 -3.0442e+00 +2.8477e+00
2313 0 +4.884198628e+00 +1.402141986e+02 +1.402141986e+02 +5.2991e-01 +7.4795e-01 +3.8554e-01 -3.0250e+00 +3.5411e+00
2341 0 +4.693398081e+00 +1.400233981e+02 +1.400233981e+02 +5.4108e-01 +7.9372e-01 +3.9646e-01 -3.0171e+00 +3.5418e+00
2388 0 +4.604207645e+00 +1.399342076e+02 +1.399342076e+02 +5.3908e-01 +8.0950e-01 +3.8660e-01 -3.0372e+00 +3.5574e+00
2480 0 +4.415581757e+00 +1.397455818e+02 +1.397455818e+02 +5.3826e-01 +8.2782e-01 +3.6025e-01 -3.0327e+00 +3.5214e+00
2484 0 +4.312840816e+00 +1.396428408e+02 +1.396428408e+02 +5.2747e-01 +8.6782e-01 +3.9362e-01 -3.0359e+00 +3.5526e+00
2534 0 +4.135601749e+00 +1.394656017e+02 +1.394656017e+02 +5.2038e-01 +8.4511e-01 +3.8141e-01 -3.0296e+00 +3.5317e+00
2630 0 +4.062380248e+00 +1.393923802e+02 +1.393923802e+02 +5.2471e-01 +8.5217e-01 +3.8109e-01 -3.0287e+00 +3.5364e+00
2950 0 +3.981009254e+00 +1.393110093e+02 +1.393110093e+02 +5.4629e-01 +8.5614e-01 +3.7953e-01 -3.0296e+00 +3.5373e+00
3200 0 +3.979959935e+00 +1.393099599e+02 +1.393099599e+02 +5.4412e-01 +8.5552e-01 +3.8062e-01 -3.0293e+00 +3.5369e+00
% f evaluations | g evaluations | best noise-free fitness - Fopt (4.066000000000e+01) + sum g_i+ | measured fitness | best measured fitness or single-digit g-values | x1 | x2...
1 0 +2.538340447e+02 +2.944940447e+02 +2.944940447e+02 +1.6184e+00 -2.5642e-01 +1.8798e+00 -5.0522e-01 -1.8199e+00
3 0 +1.785169157e+02 +2.191769157e+02 +2.191769157e+02 -1.0500e+00 +1.9642e-01 +1.1392e+00 -7.4823e-01 -7.0797e-01
5 0 +1.015977249e+02 +1.422577249e+02 +1.422577249e+02 -5.1145e-01 +4.6803e-01 +6.8149e-01 -1.0206e+00 +1.0791e+00
43 0 +8.387718340e+01 +1.245371834e+02 +1.245371834e+02 -8.7864e-01 +9.6973e-02 +5.5047e-01 -2.3186e+00 +2.3522e+00
45 0 +5.162313437e+01 +9.228313437e+01 +9.228313437e+01 +1.3223e+00 -6.9044e-01 +2.3984e+00 -3.8879e+00 +1.4086e+00
56 0 +4.502932588e+01 +8.568932588e+01 +8.568932588e+01 +1.3749e+00 +5.6033e-01 +1.5518e+00 -2.6464e+00 +1.6596e+00
199 0 +3.984746719e+01 +8.050746719e+01 +8.050746719e+01 +4.7925e-03 +2.1775e-01 +3.3699e+00 -3.2159e+00 +1.4310e+00
232 0 +3.974044539e+01 +8.040044539e+01 +8.040044539e+01 +1.7160e+00 -4.4978e-02 +3.4262e+00 -2.2474e+00 +1.0833e+00
245 0 +2.941104509e+01 +7.007104509e+01 +7.007104509e+01 +8.0900e-01 +5.7376e-01 +3.3513e+00 -3.5485e+00 +2.3355e+00
334 0 +2.853715761e+01 +6.919715761e+01 +6.919715761e+01 +9.5850e-01 +1.0896e+00 +4.0444e+00 -3.1956e+00 +1.4138e+00
355 0 +2.588330653e+01 +6.654330653e+01 +6.654330653e+01 +3.0666e+00 +1.1460e+00 +2.4615e+00 -2.1983e+00 +1.0023e+00
503 0 +2.273292526e+01 +6.339292526e+01 +6.339292526e+01 +2.0462e+00 +3.9994e-01 +3.8931e+00 -3.1357e+00 +1.6091e+00
698 0 +2.133941306e+01 +6.199941306e+01 +6.199941306e+01 +1.3471e+00 +3.1136e-01 +3.3413e+00 -3.1189e+00 +1.7391e+00
721 0 +1.685444572e+01 +5.751444572e+01 +5.751444572e+01 +1.0353e+00 +1.3752e+00 +3.3261e+00 -2.7125e+00 +1.6607e+00
746 0 +1.205763380e+01 +5.271763380e+01 +5.271763380e+01 +1.1077e+00 +1.1913e+00 +3.8468e+00 -2.7627e+00 +1.7126e+00
882 0 +9.112468141e+00 +4.977246814e+01 +4.977246814e+01 +1.0790e+00 +1.1691e+00 +3.2591e+00 -2.7242e+00 +1.7180e+00
912 0 +8.110136882e+00 +4.877013688e+01 +4.877013688e+01 +1.0490e+00 +1.2374e+00 +3.3677e+00 -2.7417e+00 +1.7404e+00
938 0 +6.344427514e+00 +4.700442751e+01 +4.700442751e+01 +1.0361e+00 +1.2285e+00 +3.3536e+00 -2.7145e+00 +1.7124e+00
976 0 +5.789190305e+00 +4.644919030e+01 +4.644919030e+01 +1.0444e+00 +1.2398e+00 +3.3052e+00 -2.7120e+00 +1.7165e+00
982 0 +5.589141393e+00 +4.624914139e+01 +4.624914139e+01 +1.0830e+00 +1.2335e+00 +3.3051e+00 -2.6945e+00 +1.7142e+00
1031 0 +5.380231313e+00 +4.604023131e+01 +4.604023131e+01 +1.0854e+00 +1.2630e+00 +3.3481e+00 -2.7095e+00 +1.7192e+00
1063 0 +5.278736806e+00 +4.593873681e+01 +4.593873681e+01 +1.1049e+00 +1.2464e+00 +3.3491e+00 -2.6982e+00 +1.7175e+00
1078 0 +5.212213372e+00 +4.587221337e+01 +4.587221337e+01 +1.1158e+00 +1.2574e+00 +3.3147e+00 -2.7064e+00 +1.7216e+00
1159 0 +5.037744493e+00 +4.569774449e+01 +4.569774449e+01 +1.1052e+00 +1.2493e+00 +3.3332e+00 -2.7061e+00 +1.7258e+00
1255 0 +4.995437375e+00 +4.565543738e+01 +4.565543738e+01 +1.0950e+00 +1.2435e+00 +3.3300e+00 -2.6985e+00 +1.7297e+00
3200 0 +4.974790248e+00 +4.563479025e+01 +4.563479025e+01 +1.0962e+00 +1.2472e+00 +3.3280e+00 -2.7000e+00 +1.7272e+00
