% f evaluations | g evaluations | best noise-free fitness - Fopt (7.948000000000e+01) + sum g_i+ | measured fitness | best measured fitness or single-digit g-values | x1 | x2...
1 0 +1.196788354e+01 +9.144788354e+01 +9.144788354e+01 +3.9832e-01 +1.1078e+00 -1.1250e+00 +1.4107e+00 -1.5264e-01
5 0 +9.887826606e+00 +8.936782661e+01 +8.936782661e+01 -1.4457e+00 -1.4233e+00 +2.4241e-01 +1.7089e-01 -9.7310e-01
8 0 +9.317652795e+00 +8.879765279e+01 +8.879765279e+01 -4.7107e-01 -1.3631e+00 -1.0753e+00 +1.0626e+00 +1.2661e-01
10 0 +8.088186116e+00 +8.756818612e+01 +8.756818612e+01 -6.7036e-01 -2.9966e-01 -1.6479e+00 +1.1239e+00 -4.4390e-01
15 0 +2.420085345e+00 +8.190008534e+01 +8.190008534e+01 +3.2700e-01 -9.7859e-02 +2.2500e-01 +1.3961e+00 -2.3470e+00
68 0 +2.085958051e+00 +8.156595805e+01 +8.156595805e+01 +1.0040e+00 -1.4935e+00 -1.2330e+00 +9.7759e-01 -2.1818e+00
100 0 +1.567176937e+00 +8.104717694e+01 +8.104717694e+01 +6.5312e-01 -1.7550e-01 -6.4040e-01 +1.5060e+00 -3.1909e+00
117 0 +1.519287213e+00 +8.099928721e+01 +8.099928721e+01 +4.6731e-01 -7.2808e-01 -3.0154e-01 +9.9102e-01 -2.1949e+00
149 0 +1.392705473e+00 +8.087270547e+01 +8.087270547e+01 +6.0912e-01 -9.8467e-01 +8.1128e-04 +1.1467e+00 -2.3600e+00
164 0 +1.220797890e+00 +8.070079789e+01 +8.070079789e+01 +3.5361e-01 -4.3293e-01 -2.2344e-01 +2.1053e+00 -2.0451e+00
166 0 +1.037761658e+00 +8.051776166e+01 +8.051776166e+01 +1.6190e-01 -1.7791e+00 -1.2569e+00 +2.2962e+00 -2.2101e+00
179 0 +1.009289370e+00 +8.048928937e+01 +8.048928937e+01 +3.2614e-01 -2.0153e+00 -7.4670e-01 +1.4276e+00 -2.5484e+00
181 0 +6.016501897e-01 +8.008165019e+01 +8.008165019e+01 +7.1374e-01 -1.0862e+00 -1.5366e-01 +1.7649e+00 -2.4996e+00
213 0 +1.007802213e-01 +7.958078022e+01 +7.958078022e+01 +2.5858e-01 -1.3195e+00 -5.1536e-01 +1.7770e+00 -2.7725e+00
309 0 +2.787906049e-02 +7.950787906e+01 +7.950787906e+01 +3.6891e-01 -1.1830e+00 -7.1481e-01 +1.8644e+00 -2.5819e+00
373 0 +2.177915346e-02 +7.950177915e+01 +7.950177915e+01 +2.8907e-01 -1.2253e+00 -7.1699e-01 +2.0367e+00 -2.7404e+00
452 0 +1.594068826e-02 +7.949594069e+01 +7.949594069e+01 +1.9329e-01 -1.1895e+00 -7.5069e-01 +2.0146e+00 -2.7341e+00
469 0 +1.506330462e-02 +7.949506330e+01 +7.949506330e+01 +2.4603e-01 -1.1767e+00 -6.7993e-01 +2.0330e+00 -2.6446e+00
501 0 +9.771599719e-03 +7.948977160e+01 +7.948977160e+01 +2.6088e-01 -1.1954e+00 -6.8667e-01 +1.9917e+00 -2.6302e+00
533 0 +7.162448277e-03 +7.948716245e+01 +7.948716245e+01 +2.6222e-01 -1.1740e+00 -6.7110e-01 +1.9677e+00 -2.6331e+00
537 0 +2.001460379e-03 +7.948200146e+01 +7.948200146e+01 +2.6317e-01 -1.1284e+00 -6.9134e-01 +1.9309e+00 -2.6818e+00
565 0 +3.375912598e-04 +7.948033759e+01 +7.948033759e+01 +2.6613e-01 -1.1643e+00 -7.2164e-01 +1.9306e+00 -2.6718e+00
789 0 +1.551693356e-04 +7.948015517e+01 +7.948015517e+01 +2.5831e-01 -1.1564e+00 -7.2847e-01 +1.9356e+00 -2.6853e+00
821 0 +1.255604959e-04 +7.948012556e+01 +7.948012556e+01 +2.5474e-01 -1.1597e+00 -7.2822e-01 +1.9349e+00 -2.6856e+00
853 0 +3.123748017e-05 +7.948003124e+01 +7.948003124e+01 +2.5260e-01 -1.1550e+00 -7.2141e-01 +1.9310e+00 -2.6809e+00
885 0 +1.726858518e-05 +7.948001727e+01 +7.948001727e+01 +2.5435e-01 -1.1573e+00 -7.2181e-01 +1.9266e+00 -2.6777e+00
917 0 +1.330191485e-05 +7.948001330e+01 +7.948001330e+01 +2.5545e-01 -1.1546e+00 -7.2339e-01 +1.9267e+00 -2.6798e+00
1013 0 +1.916814000e-06 +7.948000192e+01 +7.948000192e+01 +2.5371e-01 -1.1558e+00 -7.2398e-01 +1.9260e+00 -2.6809e+00
1045 0 +1.326957076e-06 +7.948000133e+01 +7.948000133e+01 +2.5392e-01 -1.1570e+00 -7.2396e-01 +1.9265e+00 -2.6809e+00
1197 0 +1.301966336e-06 +7.948000130e+01 +7.948000130e+01 +2.5256e-01 -1.1565e+00 -7.2486e-01 +1.9269e+00 -2.6812e+00
1205 0 +1.279092558e-06 +7.948000128e+01 +7.948000128e+01 +2.5255e-01 -1.1564e+00 -7.2348e-01 +1.9262e+00 -2.6799e+00
1209 0 +8.822876936e-07 +7.948000088e+01 +7.948000088e+01 +2.5236e-01 -1.1560e+00 -7.2385e-01 +1.9262e+00 -2.6809e+00
1255 0 +7.599720249e-07 +7.948000076e+01 +7.948000076e+01 +2.5321e-01 -1.1566e+00 -7.2401e-01 +1.9257e+00 -2.6810e+00
1293 0 +5.081232928e-07 +7.948000051e+01 +7.948000051e+01 +2.5253e-01 -1.1565e+00 -7.2405e-01 +1.9269e+00 -2.6806e+00
1298 0 +2.787081144e-07 +7.948000028e+01 +7.948000028e+01 +2.5251e-01 -1.1566e+00 -7.2425e-01 +1.9265e+00 -2.6811e+00
1325 0 +1.124204232e-07 +7.948000011e+01 +7.948000011e+01 +2.5282e-01 -1.1567e+00 -7.2390e-01 +1.9265e+00 -2.6805e+00
3200 0 +1.124204232e-07 +7.948000011e+01 +7.948000011e+01 +2.5282e-01 -1.1567e+00 -7.2390e-01 +1.9265e+00 -2.6805e+00
% f evaluations | g evaluations | best noise-free fitness - Fopt (3.944800000000e+02) + sum g_i+ | measured fitness | best measured fitness or single-digit g-values | x1 | x2...
1 0 +3.555978834e+01 +4.300397883e+02 +4.300397883e+02 -1.2111e+00 +1.3703e-02 -1.1750e-01 +1.4520e+00 +3.0648e-01
3 0 +3.492053067e+01 +4.294005307e+02 +4.294005307e+02 -3.5668e-01 -2.0640e+00 -4.1457e-01 +8.5572e-01 -9.7185e-02
8 0 +3.314028510e+01 +4.276202851e+02 +4.276202851e+02 -8.9295e-01 -1.2570e+00 -1.0216e+00 +1.2544e+00 -1.7249e+00
39 0 +2.331715107e+01 +4.177971511e+02 +4.177971511e+02 -1.4055e+00 -1.8268e+00 -1.4489e+00 +1.0571e+00 -6.6332e-01
58 0 +1.551314684e+01 +4.099931468e+02 +4.099931468e+02 -3.5346e+00 -2.4512e+00 -1.6896e+00 +7.1342e-01 +1.2851e-01
71 0 +1.317887222e+01 +4.076588722e+02 +4.076588722e+02 -3.7576e+00 -1.7387e+00 -2.6346e+00 +1.9234e+00 -1.6980e+00
90 0 +6.490521957e+00 +4.009705220e+02 +4.009705220e+02 -5.2064e+00 -1.6019e+00 -4.0449e+00 +4.4434e+00 -8.0556e-01
196 0 +3.477736041e+00 +3.979577360e+02 +3.979577360e+02 -2.9671e+00 -2.3776e+00 -4.6733e+00 +2.9529e+00 +1.6847e+00
228 0 +1.882643727e+00 +3.963626437e+02 +3.963626437e+02 -3.6251e+00 -3.1988e+00 -2.8046e+00 +3.2119e+00 +3.7339e-01
260 0 +1.424448279e+00 +3.959044483e+02 +3.959044483e+02 -3.8341e+00 -2.6718e+00 -4.1391e+00 +2.9587e+00 +1.4613e+00
292 0 +1.234463215e+00 +3.957144632e+02 +3.957144632e+02 -3.3992e+00 -2.2042e+00 -4.2749e+00 +3.3939e+00 +6.8814e-01
295 0 +1.149412266e+00 +3.956294123e+02 +3.956294123e+02 -4.2948e+00 -3.4307e+00 -4.6049e+00 +4.0568e+00 +6.7650e-01
324 0 +3.667406099e-01 +3.948467406e+02 +3.948467406e+02 -3.7023e+00 -3.2130e+00 -3.9816e+00 +3.7440e+00 +1.2666e+00
356 0 +2.824835431e-01 +3.947624835e+02 +3.947624835e+02 -3.7675e+00 -2.7175e+00 -3.8630e+00 +3.4546e+00 +6.9055e-01
388 0 +1.359100989e-01 +3.946159101e+02 +3.946159101e+02 -3.7565e+00 -2.8339e+00 -4.0321e+00 +3.9218e+00 +1.1033e+00
420 0 +8.872045207e-02 +3.945687205e+02 +3.945687205e+02 -3.7589e+00 -2.6598e+00 -3.7297e+00 +4.0092e+00 +8.6792e-01
452 0 +2.031471062e-02 +3.945003147e+02 +3.945003147e+02 -3.8171e+00 -2.8909e+00 -3.7603e+00 +3.8194e+00 +9.2634e-01
536 0 +1.464752149e-02 +3.944946475e+02 +3.944946475e+02 -3.9087e+00 -2.8579e+00 -3.7522e+00 +3.8378e+00 +9.3898e-01
548 0 +5.553583928e-03 +3.944855536e+02 +3.944855536e+02 -3.8745e+00 -2.8442e+00 -3.7574e+00 +3.9051e+00 +8.8794e-01
612 0 +3.825520339e-03 +3.944838255e+02 +3.944838255e+02 -3.8962e+00 -2.8758e+00 -3.8531e+00 +3.9377e+00 +8.5876e-01
632 0 +2.643139047e-03 +3.944826431e+02 +3.944826431e+02 -3.8673e+00 -2.8902e+00 -3.8093e+00 +3.8705e+00 +8.7914e-01
644 0 +1.869738292e-03 +3.944818697e+02 +3.944818697e+02 -3.9008e+00 -2.9009e+00 -3.8372e+00 +3.9012e+00 +8.8206e-01
664 0 +1.804252815e-03 +3.944818043e+02 +3.944818043e+02 -3.8752e+00 -2.8638e+00 -3.7856e+00 +3.8969e+00 +8.7318e-01
676 0 +1.035832161e-03 +3.944810358e+02 +3.944810358e+02 -3.8769e+00 -2.8857e+00 -3.7908e+00 +3.9240e+00 +8.5028e-01
728 0 +8.946906490e-04 +3.944808947e+02 +3.944808947e+02 -3.8994e+00 -2.8929e+00 -3.7934e+00 +3.9233e+00 +8.3703e-01
740 0 +6.949184511e-04 +3.944806949e+02 +3.944806949e+02 -3.9083e+00 -2.8803e+00 -3.8040e+00 +3.8838e+00 +8.5514e-01
760 0 +5.874983478e-04 +3.944805875e+02 +3.944805875e+02 -3.8889e+00 -2.8760e+00 -3.7875e+00 +3.9032e+00 +8.6713e-01
772 0 +2.056310261e-04 +3.944802056e+02 +3.944802056e+02 -3.8864e+00 -2.8859e+00 -3.8005e+00 +3.8994e+00 +8.5901e-01
804 0 +1.660349604e-04 +3.944801660e+02 +3.944801660e+02 -3.8993e+00 -2.8858e+00 -3.7910e+00 +3.9025e+00 +8.5710e-01
836 0 +1.119019075e-04 +3.944801119e+02 +3.944801119e+02 -3.8950e+00 -2.8904e+00 -3.7974e+00 +3.9102e+00 +8.6652e-01
856 0 +8.064685255e-05 +3.944800806e+02 +3.944800806e+02 -3.8962e+00 -2.8890e+00 -3.8108e+00 +3.9064e+00 +8.6089e-01
888 0 +7.124599676e-05 +3.944800712e+02 +3.944800712e+02 -3.8909e+00 -2.8911e+00 -3.8039e+00 +3.9029e+00 +8.5689e-01
900 0 +4.621945180e-05 +3.944800462e+02 +3.944800462e+02 -3.8965e+00 -2.8876e+00 -3.8052e+00 +3.9108e+00 +8.5926e-01
903 0 +4.200129490e-05 +3.944800420e+02 +3.944800420e+02 -3.9019e+00 -2.8905e+00 -3.7977e+00 +3.9069e+00 +8.5685e-01
920 0 +1.857646805e-05 +3.944800186e+02 +3.944800186e+02 -3.8964e+00 -2.8904e+00 -3.8040e+00 +3.9027e+00 +8.6119e-01
964 0 +9.358601574e-06 +3.944800094e+02 +3.944800094e+02 -3.8993e+00 -2.8901e+00 -3.7998e+00 +3.9057e+00 +8.5799e-01
996 0 +7.501586367e-06 +3.944800075e+02 +3.944800075e+02 -3.8969e+00 -2.8913e+00 -3.8031e+00 +3.9063e+00 +8.6108e-01
1028 0 +4.195026747e-06 +3.944800042e+02 +3.944800042e+02 -3.8979e+00 -2.8898e+00 -3.8023e+00 +3.9040e+00 +8.5821e-01
1060 0 +3.484089859e-06 +3.944800035e+02 +3.944800035e+02 -3.8979e+00 -2.8901e+00 -3.8031e+00 +3.9070e+00 +8.5832e-01
1092 0 +9.187397723e-07 +3.944800009e+02 +3.944800009e+02 -3.8985e+00 -2.8909e+00 -3.8020e+00 +3.9049e+00 +8.5926e-01
1159 0 +7.359438428e-07 +3.944800007e+02 +3.944800007e+02 -3.8986e+00 -2.8897e+00 -3.8027e+00 +3.9056e+00 +8.5949e-01
1164 0 +6.382073252e-07 +3.944800006e+02 +3.944800006e+02 -3.8987e+00 -2.8906e+00 -3.8024e+00 +3.9053e+00 +8.5854e-01
1176 0 +5.240073619e-07 +3.944800005e+02 +3.944800005e+02 -3.8986e+00 -2.8903e+00 -3.8018e+00 +3.9057e+00 +8.5954e-01
1191 0 +4.911194083e-07 +3.944800005e+02 +3.944800005e+02 -3.8987e+00 -2.8899e+00 -3.8026e+00 +3.9056e+00 +8.5952e-01
1196 0 +2.337318392e-07 +3.944800002e+02 +3.944800002e+02 -3.8987e+00 -2.8905e+00 -3.8024e+00 +3.9054e+00 +8.5887e-01
1232 0 +1.753344350e-07 +3.944800002e+02 +3.944800002e+02 -3.8986e+00 -2.8906e+00 -3.8025e+00 +3.9056e+00 +8.5950e-01
3200 0 +1.753344350e-07 +3.944800002e+02 +3.944800002e+02 -3.8986e+00 -2.8906e+00 -3.8025e+00 +3.9056e+00 +8.5950e-01
% f evaluations | g evaluations | best noise-free fitness - Fopt (-2.471100000000e+02) + sum g_i+ | measured fitness | best measured fitness or single-digit g-values | x1 | x2...
1 0 +4.729879608e+01 -1.998112039e+02 -1.998112039e+02 +5.9973e-01 +1.1678e+00 +3.2065e-01 -7.7776e-02 +4.9859e-01
3 0 +3.721225399e+01 -2.098977460e+02 -2.098977460e+02 +4.4444e-01 +1.3527e+00 -8.6701e-01 -3.8988e-01 -4.6109e-01
11 0 +3.676972416e+01 -2.103402758e+02 -2.103402758e+02 -9.7636e-01 +1.9196e-01 -3.5445e-01 +5.9870e-01 +1.0845e-01
12 0 +2.656648978e+01 -2.205435102e+02 -2.205435102e+02 -2.0308e-01 -9.8249e-01 +1.8320e-01 -8.0056e-01 -1.3346e+00
27 0 +1.531278412e+01 -2.317972159e+02 -2.317972159e+02 -1.4091e+00 +9.6882e-01 +6.5239e-02 -1.3747e+00 -1.3443e+00
60 0 +1.092021653e+01 -2.361897835e+02 -2.361897835e+02 -2.4411e+00 +1.0447e+00 -1.1666e+00 -1.6532e+00 -1.1016e+00
78 0 +1.430501996e+00 -2.456794980e+02 -2.456794980e+02 -2.7001e+00 -2.5399e-01 -7.7711e-01 -3.7433e+00 -3.1710e+00
389 0 +9.639545793e-01 -2.461460454e+02 -2.461460454e+02 -4.5941e+00 -9.8897e-02 -5.9136e-01 -3.8755e+00 -2.6569e+00
541 0 +8.873756482e-01 -2.462226244e+02 -2.462226244e+02 -3.2623e+00 -1.5618e-01 -7.5588e-01 -4.3700e+00 -3.0231e+00
542 0 +2.987356627e-01 -2.468112643e+02 -2.468112643e+02 -4.0664e+00 -1.0831e-01 -7.8826e-01 -3.5363e+00 -2.7886e+00
587 0 +2.806735286e-01 -2.468293265e+02 -2.468293265e+02 -3.9247e+00 +2.3486e-01 -9.8327e-01 -4.0538e+00 -2.8825e+00
606 0 +1.289113425e-01 -2.469810887e+02 -2.469810887e+02 -3.8876e+00 +5.1119e-01 -7.5449e-01 -3.8379e+00 -3.1230e+00
645 0 +9.760563075e-02 -2.470123944e+02 -2.470123944e+02 -3.7835e+00 +3.8386e-01 -6.2931e-01 -3.4450e+00 -3.0824e+00
754 0 +7.811898028e-02 -2.470318810e+02 -2.470318810e+02 -3.6126e+00 +3.8366e-01 -6.1109e-01 -3.6983e+00 -3.0316e+00
779 0 +4.980427725e-02 -2.470601957e+02 -2.470601957e+02 -3.9178e+00 +1.2619e-01 -6.9094e-01 -3.6305e+00 -2.9382e+00
798 0 +1.587547991e-02 -2.470941245e+02 -2.470941245e+02 -3.7973e+00 +1.4300e-01 -8.0065e-01 -3.6971e+00 -3.0838e+00
926 0 +1.395669205e-02 -2.470960433e+02 -2.470960433e+02 -3.8134e+00 +2.0881e-01 -6.0151e-01 -3.7525e+00 -3.0556e+00
958 0 +1.248639416e-02 -2.470975136e+02 -2.470975136e+02 -3.7665e+00 +1.8658e-01 -6.5759e-01 -3.7490e+00 -3.0172e+00
1025 0 +6.126865860e-03 -2.471038731e+02 -2.471038731e+02 -3.7332e+00 +1.8858e-01 -6.7505e-01 -3.6628e+00 -3.1237e+00
1067 0 +5.484405996e-03 -2.471045156e+02 -2.471045156e+02 -3.7679e+00 +2.6874e-01 -7.0293e-01 -3.6876e+00 -3.1097e+00
1099 0 +3.303295280e-03 -2.471066967e+02 -2.471066967e+02 -3.8084e+00 +1.9879e-01 -7.4076e-01 -3.6965e+00 -3.1256e+00
1135 0 +1.537725728e-03 -2.471084623e+02 -2.471084623e+02 -3.8093e+00 +1.9837e-01 -7.0593e-01 -3.7209e+00 -3.0820e+00
1167 0 +8.080041743e-04 -2.471091920e+02 -2.471091920e+02 -3.7907e+00 +2.2479e-01 -7.0624e-01 -3.6980e+00 -3.1024e+00
1259 0 +5.598296012e-04 -2.471094402e+02 -2.471094402e+02 -3.8105e+00 +2.0838e-01 -6.9224e-01 -3.6931e+00 -3.0797e+00
1323 0 +2.739591869e-04 -2.471097260e+02 -2.471097260e+02 -3.8083e+00 +1.9201e-01 -6.8810e-01 -3.6952e+00 -3.0942e+00
1387 0 +1.723746402e-04 -2.471098276e+02 -2.471098276e+02 -3.8050e+00 +1.9417e-01 -6.9226e-01 -3.6853e+00 -3.0958e+00
1451 0 +1.204288359e-04 -2.471098796e+02 -2.471098796e+02 -3.8002e+00 +1.9536e-01 -6.9202e-01 -3.6840e+00 -3.0975e+00
1487 0 +6.580494411e-05 -2.471099342e+02 -2.471099342e+02 -3.7995e+00 +2.0014e-01 -6.9762e-01 -3.6875e+00 -3.0991e+00
1770 0 +2.056574871e-05 -2.471099794e+02 -2.471099794e+02 -3.7971e+00 +2.0471e-01 -6.8846e-01 -3.6883e+00 -3.0985e+00
1839 0 +7.501644916e-06 -2.471099925e+02 -2.471099925e+02 -3.7983e+00 +2.0433e-01 -6.9226e-01 -3.6896e+00 -3.0976e+00
1918 0 +3.053014126e-06 -2.471099969e+02 -2.471099969e+02 -3.7975e+00 +2.0330e-01 -6.9071e-01 -3.6925e+00 -3.0987e+00
1989 0 +2.824886536e-06 -2.471099972e+02 -2.471099972e+02 -3.7990e+00 +2.0240e-01 -6.9172e-01 -3.6920e+00 -3.1001e+00
2110 0 +2.761478356e-06 -2.471099972e+02 -2.471099972e+02 -3.7983e+00 +2.0303e-01 -6.9246e-01 -3.6909e+00 -3.0982e+00
2142 0 +1.710242799e-06 -2.471099983e+02 -2.471099983e+02 -3.7985e+00 +2.0342e-01 -6.9082e-01 -3.6907e+00 -3.0981e+00
2155 0 +1.486495535e-06 -2.471099985e+02 -2.471099985e+02 -3.7978e+00 +2.0304e-01 -6.9026e-01 -3.6910e+00 -3.0988e+00
2174 0 +2.541078175e-07 -2.471099997e+02 -2.471099997e+02 -3.7985e+00 +2.0291e-01 -6.9084e-01 -3.6910e+00 -3.0991e+00
2258 0 +2.160506085e-07 -2.471099998e+02 -2.471099998e+02 -3.7982e+00 +2.0282e-01 -6.9118e-01 -3.6913e+00 -3.0990e+00
3200 0 +2.160506085e-07 -2.471099998e+02 -2.471099998e+02 -3.7982e+00 +2.0282e-01 -6.9118e-01 -3.6913e+00 -3.0990e+00
% f evaluations | g evaluations | best noise-free fitness - Fopt (-1.520400000000e+02) + sum g_i+ | measured fitness | best measured fitness or single-digit g-values | x1 | x2...
1 0 +3.381460951e+01 -1.182253905e+02 -1.182253905e+02 -9.0548e-01 +9.8052e-01 +2.9190e-01 -1.0800e-01 +4.6030e-01
5 0 +3.127887149e+01 -1.207611285e+02 -1.207611285e+02 -4.6418e-01 +1.9648e-02 -1.5603e+00 -3.0221e-02 -1.1315e+00
8 0 +2.992077858e+01 -1.221192214e+02 -1.221192214e+02 -9.5983e-03 +6.7318e-01 -1.5610e+00 -1.1245e+00 +3.8085e-01
9 0 +1.982309965e+01 -1.322169003e+02 -1.322169003e+02 +9.5753e-01 +9.3426e-01 -5.8610e-01 +8.7238e-01 +1.3903e+00
37 0 +1.812334414e+01 -1.339166559e+02 -1.339166559e+02 -1.1687e+00 +9.4830e-01 -1.9852e+00 -3.5315e-01 +2.4294e+00
38 0 +1.654037490e+01 -1.354996251e+02 -1.354996251e+02 -6.0772e-02 -4.4270e-01 -2.9160e+00 +3.9693e-01 +5.2544e-01
53 0 +1.585207549e+01 -1.361879245e+02 -1.361879245e+02 +1.4924e+00 -1.9041e-01 -2.5675e+00 +9.7085e-01 +7.1713e-01
61 0 +1.422837499e+01 -1.378116250e+02 -1.378116250e+02 +5.8027e-01 -6.4386e-01 -1.5092e+00 +1.4536e+00 +2.3810e+00
67 0 +1.054866943e+01 -1.414913306e+02 -1.414913306e+02 +1.3391e+00 +1.5571e+00 -3.9263e+00 +2.1283e+00 +4.9854e+00
96 0 +8.446150126e+00 -1.435938499e+02 -1.435938499e+02 -3.4076e-01 +3.6079e-01 -2.5240e+00 +2.9683e+00 +4.7083e+00
129 0 +4.841562527e+00 -1.471984375e+02 -1.471984375e+02 -5.6288e-01 +2.8867e+00 -4.2706e+00 +2.5999e+00 +3.8368e+00
171 0 +4.305075212e+00 -1.477349248e+02 -1.477349248e+02 -4.4979e-02 +1.9850e+00 -1.9749e+00 +3.3474e+00 +2.7881e+00
172 0 +4.252569411e+00 -1.477874306e+02 -1.477874306e+02 +7.5140e-01 +1.7060e+00 -3.4303e+00 +1.6052e+00 +2.5910e+00
203 0 +4.164685632e+00 -1.478753144e+02 -1.478753144e+02 +8.9435e-01 +5.6661e-01 -5.0318e+00 +2.7517e+00 +3.1660e+00
204 0 +1.707503378e+00 -1.503324966e+02 -1.503324966e+02 +5.5451e-01 +1.3280e+00 -3.6754e+00 +4.1768e+00 +2.8511e+00
235 0 +1.192267675e+00 -1.508477323e+02 -1.508477323e+02 -8.0818e-01 +1.7037e+00 -4.3914e+00 +2.5198e+00 +2.4215e+00
271 0 +1.005845147e+00 -1.510341549e+02 -1.510341549e+02 +4.8468e-01 +1.0332e+00 -4.3675e+00 +3.4105e+00 +2.7001e+00
299 0 +4.824304932e-01 -1.515575695e+02 -1.515575695e+02 -2.0879e-01 +9.1207e-01 -3.5381e+00 +3.4820e+00 +2.6012e+00
363 0 +4.065083043e-01 -1.516334917e+02 -1.516334917e+02 -5.1590e-01 +1.2223e+00 -3.4721e+00 +3.1940e+00 +2.7166e+00
364 0 +3.078715778e-01 -1.517321284e+02 -1.517321284e+02 -1.0650e-01 +1.4726e+00 -3.7152e+00 +2.8116e+00 +2.4373e+00
367 0 +1.753050112e-01 -1.518646950e+02 -1.518646950e+02 -3.0288e-02 +1.2580e+00 -4.0851e+00 +3.0551e+00 +2.3324e+00
396 0 +7.510674484e-02 -1.519648933e+02 -1.519648933e+02 -4.4744e-01 +1.3055e+00 -3.8277e+00 +3.1607e+00 +2.3941e+00
428 0 +4.313103280e-02 -1.519968690e+02 -1.519968690e+02 -2.4950e-01 +1.2617e+00 -3.9933e+00 +3.3432e+00 +2.5174e+00
492 0 +3.173946420e-02 -1.520082605e+02 -1.520082605e+02 -2.5589e-01 +1.5638e+00 -3.8531e+00 +3.2282e+00 +2.3721e+00
527 0 +3.105860213e-02 -1.520089414e+02 -1.520089414e+02 -1.4564e-01 +1.4126e+00 -3.8950e+00 +3.2310e+00 +2.5238e+00
555 0 +2.138412216e-02 -1.520186159e+02 -1.520186159e+02 -2.8795e-01 +1.4240e+00 -4.0057e+00 +3.1869e+00 +2.3709e+00
556 0 +1.004590342e-02 -1.520299541e+02 -1.520299541e+02 -3.1462e-01 +1.4893e+00 -3.8879e+00 +3.2601e+00 +2.3905e+00
620 0 +3.506598655e-03 -1.520364934e+02 -1.520364934e+02 -3.1042e-01 +1.4043e+00 -3.9424e+00 +3.2720e+00 +2.4373e+00
623 0 +2.585909825e-03 -1.520374141e+02 -1.520374141e+02 -2.4624e-01 +1.3939e+00 -3.9121e+00 +3.2819e+00 +2.4485e+00
683 0 +1.829451674e-03 -1.520381705e+02 -1.520381705e+02 -2.5301e-01 +1.4235e+00 -3.9481e+00 +3.3019e+00 +2.3866e+00
716 0 +1.026360850e-03 -1.520389736e+02 -1.520389736e+02 -2.7614e-01 +1.4264e+00 -3.9548e+00 +3.2994e+00 +2.4248e+00
719 0 +3.555428897e-04 -1.520396445e+02 -1.520396445e+02 -2.7670e-01 +1.4245e+00 -3.9191e+00 +3.2877e+00 +2.4315e+00
812 0 +2.126834204e-04 -1.520397873e+02 -1.520397873e+02 -2.7800e-01 +1.4250e+00 -3.9286e+00 +3.2895e+00 +2.4245e+00
875 0 +1.735374053e-04 -1.520398265e+02 -1.520398265e+02 -2.6187e-01 +1.4259e+00 -3.9314e+00 +3.3053e+00 +2.4141e+00
876 0 +1.267627645e-04 -1.520398732e+02 -1.520398732e+02 -2.6171e-01 +1.4221e+00 -3.9283e+00 +3.2902e+00 +2.4131e+00
908 0 +5.090830925e-05 -1.520399491e+02 -1.520399491e+02 -2.6885e-01 +1.4254e+00 -3.9283e+00 +3.2977e+00 +2.4134e+00
911 0 +1.038202410e-05 -1.520399896e+02 -1.520399896e+02 -2.6905e-01 +1.4226e+00 -3.9245e+00 +3.2956e+00 +2.4210e+00
1025 0 +8.550972495e-06 -1.520399914e+02 -1.520399914e+02 -2.6465e-01 +1.4242e+00 -3.9247e+00 +3.2975e+00 +2.4204e+00
1089 0 +6.404036668e-06 -1.520399936e+02 -1.520399936e+02 -2.6631e-01 +1.4253e+00 -3.9259e+00 +3.2975e+00 +2.4207e+00
1163 0 +3.883602119e-06 -1.520399961e+02 -1.520399961e+02 -2.6839e-01 +1.4237e+00 -3.9243e+00 +3.2969e+00 +2.4207e+00
1164 0 +1.595222585e-06 -1.520399984e+02 -1.520399984e+02 -2.6681e-01 +1.4239e+00 -3.9259e+00 +3.2969e+00 +2.4196e+00
1259 0 +1.039370460e-06 -1.520399990e+02 -1.520399990e+02 -2.6794e-01 +1.4241e+00 -3.9252e+00 +3.2972e+00 +2.4195e+00
1260 0 +4.774121010e-07 -1.520399995e+02 -1.520399995e+02 -2.6730e-01 +1.4241e+00 -3.9253e+00 +3.2965e+00 +2.4195e+00
1295 0 +4.621774394e-07 -1.520399995e+02 -1.520399995e+02 -2.6738e-01 +1.4244e+00 -3.9252e+00 +3.2965e+00 +2.4191e+00
1297 0 +3.644330775e-07 -1.520399996e+02 -1.520399996e+02 -2.6726e-01 +1.4240e+00 -3.9248e+00 +3.2973e+00 +2.4189e+00
1329 0 +1.590886427e-07 -1.520399998e+02 -1.520399998e+02 -2.6740e-01 +1.4241e+00 -3.9249e+00 +3.2971e+00 +2.4190e+00
3200 0 +1.590886427e-07 -1.520399998e+02 -1.520399998e+02 -2.6740e-01 +1.4241e+00 -3.9249e+00 +3.2971e+00 +2.4190e+00
% f evaluations | g evaluations | best noise-free fitness - Fopt (-2.525000000000e+01) + sum g_i+ | measured fitness | best measured fitness or single-digit g-values | x1 | x2...
1 0 +3.710166466e+01 +1.185166466e+01 +1.185166466e+01 +1.1396e+00 +1.3914e+00 -2.2473e+00 +1.8029e+00 -4.5501e-01
2 0 +3.447057870e+01 +9.220578698e+00 +9.220578698e+00 +1.5127e-01 +1.9835e-01 +1.3288e+00 -6.7713e-01 -2.4500e-01
3 0 +3.336379387e+01 +8.113793870e+00 +8.113793870e+00 -8.9601e-02 -1.0882e+00 -1.9901e-01 +3.5346e-01 +3.1387e-01
5 0 +3.211045877e+01 +6.860458773e+00 +6.860458773e+00 +7.7499e-03 -8.8473e-01 +1.9336e-02 -3.6397e-01 -9.6743e-02
6 0 +1.706596851e+01 -8.184031488e+00 -8.184031488e+00 +8.3352e-01 +4.3496e-01 +8.5442e-01 -9.8106e-01 +1.6417e+00
18 0 +1.331329728e+01 -1.193670272e+01 -1.193670272e+01 +8.6840e-01 +6.6275e-01 -1.0506e-01 -1.2077e+00 +1.5233e+00
39 0 +1.310372011e+01 -1.214627989e+01 -1.214627989e+01 +8.5395e-01 -8.0464e-01 -1.7832e+00 -3.8880e+00 +2.7782e+00
46 0 +4.468708407e+00 -2.078129159e+01 -2.078129159e+01 +2.1900e+00 +5.9497e-01 +8.7066e-03 -2.0077e+00 +2.6874e+00
85 0 +4.440382918e+00 -2.080961708e+01 -2.080961708e+01 +4.5695e+00 +1.7222e+00 -1.2832e+00 -7.9511e-01 +3.9925e+00
203 0 +3.667873180e+00 -2.158212682e+01 -2.158212682e+01 +3.4000e+00 +8.5933e-01 -3.2059e+00 -1.6134e+00 +2.9855e+00
227 0 +1.018166457e+00 -2.423183354e+01 -2.423183354e+01 +3.7202e+00 +1.4365e+00 -1.2866e+00 -2.5116e+00 +2.8300e+00
299 0 +7.956322414e-01 -2.445436776e+01 -2.445436776e+01 +3.8821e+00 +2.5443e-01 -1.2077e+00 -1.8350e+00 +3.9543e+00
312 0 +6.906922887e-01 -2.455930771e+01 -2.455930771e+01 +3.9898e+00 +3.5290e-01 -8.8839e-01 -1.7729e+00 +3.0932e+00
325 0 +3.056930581e-01 -2.494430694e+01 -2.494430694e+01 +3.8255e+00 +1.0023e+00 -1.4613e+00 -2.4265e+00 +3.0734e+00
357 0 +2.868240148e-01 -2.496317599e+01 -2.496317599e+01 +3.5404e+00 +4.2365e-01 -1.7033e+00 -2.2623e+00 +2.9157e+00
408 0 +2.307747465e-01 -2.501922525e+01 -2.501922525e+01 +3.7027e+00 +4.0167e-01 -1.1287e+00 -2.4391e+00 +3.3222e+00
421 0 +2.208355807e-01 -2.502916442e+01 -2.502916442e+01 +3.4280e+00 +6.1749e-01 -1.2441e+00 -2.4476e+00 +3.0373e+00
440 0 +1.351894708e-01 -2.511481053e+01 -2.511481053e+01 +3.3892e+00 +7.9495e-01 -1.5002e+00 -2.1284e+00 +3.0684e+00
485 0 +1.069585772e-01 -2.514304142e+01 -2.514304142e+01 +3.5112e+00 +5.2524e-01 -1.1824e+00 -2.3170e+00 +3.2889e+00
491 0 +9.643906610e-02 -2.515356093e+01 -2.515356093e+01 +3.5462e+00 +6.2661e-01 -1.2656e+00 -1.8984e+00 +3.3484e+00
504 0 +7.686544265e-02 -2.517313456e+01 -2.517313456e+01 +3.3795e+00 +5.3323e-01 -1.3325e+00 -2.1086e+00 +3.2594e+00
517 0 +5.584987105e-02 -2.519415013e+01 -2.519415013e+01 +3.5819e+00 +7.9206e-01 -1.3270e+00 -2.1689e+00 +3.1520e+00
579 0 +4.969223288e-03 -2.524503078e+01 -2.524503078e+01 +3.6486e+00 +6.3099e-01 -1.4539e+00 -2.1517e+00 +3.3491e+00
645 0 +2.679330263e-03 -2.524732067e+01 -2.524732067e+01 +3.5764e+00 +6.1922e-01 -1.4230e+00 -2.1718e+00 +3.2720e+00
834 0 +2.497610994e-03 -2.524750239e+01 -2.524750239e+01 +3.6446e+00 +6.5263e-01 -1.3941e+00 -2.1637e+00 +3.3169e+00
848 0 +1.845229026e-03 -2.524815477e+01 -2.524815477e+01 +3.6370e+00 +6.0383e-01 -1.4184e+00 -2.1478e+00 +3.2790e+00
867 0 +1.665068065e-03 -2.524833493e+01 -2.524833493e+01 +3.6192e+00 +6.3138e-01 -1.4165e+00 -2.1309e+00 +3.2633e+00
869 0 +7.831054319e-04 -2.524921689e+01 -2.524921689e+01 +3.6188e+00 +6.1420e-01 -1.4302e+00 -2.1564e+00 +3.2815e+00
995 0 +4.119762189e-04 -2.524958802e+01 -2.524958802e+01 +3.6072e+00 +6.5095e-01 -1.4128e+00 -2.1575e+00 +3.2934e+00
997 0 +1.403564090e-04 -2.524985964e+01 -2.524985964e+01 +3.6116e+00 +6.3268e-01 -1.4179e+00 -2.1613e+00 +3.2905e+00
1093 0 +5.026943440e-05 -2.524994973e+01 -2.524994973e+01 +3.6100e+00 +6.3438e-01 -1.4183e+00 -2.1557e+00 +3.2935e+00
1125 0 +4.498217165e-05 -2.524995502e+01 -2.524995502e+01 +3.6164e+00 +6.3387e-01 -1.4179e+00 -2.1506e+00 +3.3013e+00
1187 0 +2.237091547e-05 -2.524997763e+01 -2.524997763e+01 +3.6117e+00 +6.3525e-01 -1.4225e+00 -2.1494e+00 +3.2985e+00
1189 0 +2.049845088e-05 -2.524997950e+01 -2.524997950e+01 +3.6120e+00 +6.3721e-01 -1.4236e+00 -2.1551e+00 +3.2980e+00
1208 0 +1.327686000e-05 -2.524998672e+01 -2.524998672e+01 +3.6138e+00 +6.3422e-01 -1.4228e+00 -2.1520e+00 +3.2937e+00
1272 0 +7.651937036e-06 -2.524999235e+01 -2.524999235e+01 +3.6141e+00 +6.3401e-01 -1.4239e+00 -2.1534e+00 +3.2974e+00
1304 0 +6.732813258e-06 -2.524999327e+01 -2.524999327e+01 +3.6151e+00 +6.3377e-01 -1.4211e+00 -2.1511e+00 +3.2957e+00
1317 0 +4.665156471e-06 -2.524999533e+01 -2.524999533e+01 +3.6128e+00 +6.3494e-01 -1.4217e+00 -2.1531e+00 +3.2982e+00
1349 0 +4.038818496e-06 -2.524999596e+01 -2.524999596e+01 +3.6141e+00 +6.3711e-01 -1.4211e+00 -2.1528e+00 +3.2968e+00
1368 0 +3.462411655e-06 -2.524999654e+01 -2.524999654e+01 +3.6152e+00 +6.3631e-01 -1.4228e+00 -2.1528e+00 +3.2969e+00
1400 0 +3.349449216e-06 -2.524999665e+01 -2.524999665e+01 +3.6153e+00 +6.3547e-01 -1.4213e+00 -2.1524e+00 +3.2953e+00
1443 0 +6.763612639e-07 -2.524999932e+01 -2.524999932e+01 +3.6141e+00 +6.3475e-01 -1.4220e+00 -2.1523e+00 +3.2968e+00
1509 0 +1.565366539e-07 -2.524999984e+01 -2.524999984e+01 +3.6144e+00 +6.3482e-01 -1.4216e+00 -2.1528e+00 +3.2969e+00
1634 0 +1.389339772e-07 -2.524999986e+01 -2.524999986e+01 +3.6145e+00 +6.3545e-01 -1.4217e+00 -2.1527e+00 +3.2970e+00
1637 0 +1.173779545e-07 -2.524999988e+01 -2.524999988e+01 +3.6141e+00 +6.3532e-01 -1.4216e+00 -2.1528e+00 +3.2967e+00
1669 0 +9.928482925e-08 -2.524999990e+01 -2.524999990e+01 +3.6144e+00 +6.3517e-01 -1.4213e+00 -2.1527e+00 +3.2967e+00
1698 0 +3.596007403e-08 -2.524999996e+01 -2.524999996e+01 +3.6145e+00 +6.3529e-01 -1.4215e+00 -2.1527e+00 +3.2968e+00
1701 0 +2.040988534e-08 -2.524999998e+01 -2.524999998e+01 +3.6143e+00 +6.3520e-01 -1.4216e+00 -2.1528e+00 +3.2968e+00
1730 0 +1.800280458e-08 -2.524999998e+01 -2.524999998e+01 +3.6145e+00 +6.3525e-01 -1.4215e+00 -2.1527e+00 +3.2968e+00
1733 0 +1.671516614e-08 -2.524999998e+01 -2.524999998e+01 +3.6143e+00 +6.3519e-01 -1.4216e+00 -2.1528e+00 +3.2968e+00
1782 0 +1.197009780e-08 -2.524999999e+01 -2.524999999e+01 +3.6144e+00 +6.3526e-01 -1.4216e+00 -2.1527e+00 +3.2968e+00
1816 0 +1.085602364e-08 -2.524999999e+01 -2.524999999e+01 +3.6143e+00 +6.3515e-01 -1.4216e+00 -2.1528e+00 +3.2967e+00
1863 0 +7.906646005e-09 -2.524999999e+01 -2.524999999e+01 +3.6144e+00 +6.3522e-01 -1.4215e+00 -2.1528e+00 +3.2968e+00
3200 0 +7.906646005e-09 -2.524999999e+01 -2.524999999e+01 +3.6144e+00 +6.3522e-01 -1.4215e+00 -2.1528e+00 +3.2968e+00
% f evaluations | g evaluations | best noise-free fitness - Fopt (1.830100000000e+02) + sum g_i+ | measured fitness | best measured fitness or single-digit g-values | x1 | x2...
1 0 +3.065328338e+01 +2.136632834e+02 +2.136632834e+02 +1.3946e+00 +2.4213e+00 -1.5346e+00 -1.9422e+00 -8.8173e-01
6 0 +2.568810049e+01 +2.086981005e+02 +2.086981005e+02 -3.2824e-01 +2.5565e-01 -1.6634e+00 +1.1422e+00 +3.2927e-02
25 0 +2.508521082e+01 +2.080952108e+02 +2.080952108e+02 +9.6023e-01 +1.1408e+00 -4.1771e-01 +7.1807e-01 -1.1852e+00
38 0 +2.361326511e+01 +2.066232651e+02 +2.066232651e+02 +1.9556e-01 +1.2331e+00 -2.0542e+00 -1.2438e+00 -5.7769e-01
43 0 +1.838101212e+01 +2.013910121e+02 +2.013910121e+02 +2.8478e-01 +1.9266e+00 -2.6940e+00 +1.6649e+00 -2.8450e-01
57 0 +1.553555838e+01 +1.985455584e+02 +1.985455584e+02 +6.0579e-01 +6.7547e-01 -1.8088e+00 +2.1828e-01 -2.9421e+00
71 0 +1.415036878e+01 +1.971603688e+02 +1.971603688e+02 -1.7760e+00 +3.6976e-01 -1.2049e+00 -9.2415e-01 -3.4191e+00
75 0 +1.028071969e+01 +1.932907197e+02 +1.932907197e+02 +1.5139e-01 +4.4777e+00 -2.7558e+00 +1.3931e+00 -1.8196e+00
85 0 +9.257690108e+00 +1.922676901e+02 +1.922676901e+02 -4.9375e-01 +1.5485e+00 -8.6228e-01 +1.1537e+00 -3.1454e+00
117 0 +6.741226176e+00 +1.897512262e+02 +1.897512262e+02 -1.7219e+00 +1.7650e+00 -2.6454e+00 +2.8080e+00 -2.3024e+00
125 0 +2.914687618e+00 +1.859246876e+02 +1.859246876e+02 -2.0282e+00 +3.6543e+00 -3.5620e+00 -4.1223e-01 -3.4292e+00
160 0 +2.142254450e+00 +1.851522544e+02 +1.851522544e+02 -2.2393e+00 +2.5527e+00 -3.3064e+00 -9.1304e-03 -4.2937e+00
256 0 +1.532456443e+00 +1.845424564e+02 +1.845424564e+02 -1.6834e+00 +2.7752e+00 -2.7501e+00 +2.1242e+00 -3.6638e+00
261 0 +1.335393074e+00 +1.843453931e+02 +1.843453931e+02 -1.8024e+00 +2.8198e+00 -3.9108e+00 +1.0005e+00 -3.7052e+00
293 0 +8.894706662e-01 +1.838994707e+02 +1.838994707e+02 -2.8835e+00 +3.2984e+00 -2.7699e+00 +1.2069e+00 -4.0612e+00
325 0 +7.894703374e-01 +1.837994703e+02 +1.837994703e+02 -2.0556e+00 +3.0280e+00 -3.0556e+00 +9.8096e-01 -4.4133e+00
357 0 +6.460788870e-01 +1.836560789e+02 +1.836560789e+02 -1.9964e+00 +3.0110e+00 -3.2721e+00 +1.0273e+00 -4.2213e+00
388 0 +5.946063591e-01 +1.836046064e+02 +1.836046064e+02 -1.5764e+00 +2.8854e+00 -2.4075e+00 +1.1454e+00 -3.4048e+00
389 0 +4.611376953e-01 +1.834711377e+02 +1.834711377e+02 -2.1005e+00 +2.6546e+00 -3.0968e+00 +1.0337e+00 -4.0025e+00
404 0 +4.034432099e-01 +1.834134432e+02 +1.834134432e+02 -2.4411e+00 +2.8022e+00 -3.1684e+00 +6.9740e-01 -3.4604e+00
421 0 +2.153136298e-01 +1.832253136e+02 +1.832253136e+02 -2.0831e+00 +2.9562e+00 -2.7439e+00 +1.4525e+00 -3.5770e+00
453 0 +1.860383990e-01 +1.831960384e+02 +1.831960384e+02 -2.1301e+00 +2.9175e+00 -3.1952e+00 +1.1046e+00 -3.7245e+00
485 0 +1.689106233e-01 +1.831789106e+02 +1.831789106e+02 -2.0052e+00 +3.0645e+00 -3.1450e+00 +9.6004e-01 -3.8010e+00
500 0 +1.253326700e-01 +1.831353327e+02 +1.831353327e+02 -2.1587e+00 +3.1683e+00 -2.9711e+00 +7.0726e-01 -3.6066e+00
517 0 +1.143285511e-01 +1.831243286e+02 +1.831243286e+02 -1.9873e+00 +2.9821e+00 -3.0653e+00 +9.4747e-01 -3.7159e+00
532 0 +7.591579161e-02 +1.830859158e+02 +1.830859158e+02 -2.0789e+00 +3.0090e+00 -2.9872e+00 +8.8033e-01 -3.4044e+00
549 0 +6.212370772e-02 +1.830721237e+02 +1.830721237e+02 -2.1298e+00 +2.9112e+00 -2.9779e+00 +9.3326e-01 -3.5659e+00
571 0 +4.869570573e-02 +1.830586957e+02 +1.830586957e+02 -2.1114e+00 +3.2573e+00 -2.9261e+00 +8.9239e-01 -3.5527e+00
581 0 +1.565272253e-02 +1.830256527e+02 +1.830256527e+02 -2.0874e+00 +3.1152e+00 -2.8688e+00 +1.1428e+00 -3.5505e+00
708 0 +1.465228585e-02 +1.830246523e+02 +1.830246523e+02 -2.0749e+00 +3.1232e+00 -2.8707e+00 +1.1117e+00 -3.6154e+00
709 0 +7.192411436e-03 +1.830171924e+02 +1.830171924e+02 -2.0964e+00 +3.0836e+00 -2.8582e+00 +1.0148e+00 -3.4862e+00
723 0 +6.166418377e-03 +1.830161664e+02 +1.830161664e+02 -2.1491e+00 +3.1015e+00 -2.8209e+00 +1.0212e+00 -3.6272e+00
773 0 +5.559105009e-03 +1.830155591e+02 +1.830155591e+02 -2.1240e+00 +3.1507e+00 -2.8506e+00 +1.0805e+00 -3.5330e+00
805 0 +3.363035657e-03 +1.830133630e+02 +1.830133630e+02 -2.1079e+00 +3.1300e+00 -2.8231e+00 +1.0610e+00 -3.5512e+00
810 0 +2.395099832e-03 +1.830123951e+02 +1.830123951e+02 -2.1326e+00 +3.1168e+00 -2.8171e+00 +1.0364e+00 -3.5873e+00
837 0 +2.246711073e-03 +1.830122467e+02 +1.830122467e+02 -2.1339e+00 +3.1256e+00 -2.8264e+00 +1.0621e+00 -3.5512e+00
852 0 +1.813184895e-03 +1.830118132e+02 +1.830118132e+02 -2.1502e+00 +3.1421e+00 -2.8496e+00 +1.0267e+00 -3.5661e+00
869 0 +7.413440004e-04 +1.830107413e+02 +1.830107413e+02 -2.1568e+00 +3.0926e+00 -2.8476e+00 +1.0425e+00 -3.5533e+00
879 0 +7.078750229e-04 +1.830107079e+02 +1.830107079e+02 -2.1339e+00 +3.0866e+00 -2.8701e+00 +1.0239e+00 -3.5485e+00
933 0 +5.654265431e-04 +1.830105654e+02 +1.830105654e+02 -2.1439e+00 +3.1092e+00 -2.8614e+00 +1.0113e+00 -3.5634e+00
965 0 +4.174664963e-04 +1.830104175e+02 +1.830104175e+02 -2.1430e+00 +3.1087e+00 -2.8487e+00 +1.0130e+00 -3.5495e+00
997 0 +3.721416523e-04 +1.830103721e+02 +1.830103721e+02 -2.1427e+00 +3.0914e+00 -2.8485e+00 +1.0244e+00 -3.5446e+00
1029 0 +1.693838859e-04 +1.830101694e+02 +1.830101694e+02 -2.1437e+00 +3.1043e+00 -2.8416e+00 +1.0285e+00 -3.5568e+00
1061 0 +1.591975081e-04 +1.830101592e+02 +1.830101592e+02 -2.1360e+00 +3.1121e+00 -2.8432e+00 +1.0298e+00 -3.5585e+00
1088 0 +1.146155066e-04 +1.830101146e+02 +1.830101146e+02 -2.1320e+00 +3.0994e+00 -2.8495e+00 +1.0384e+00 -3.5572e+00
1093 0 +3.929174017e-05 +1.830100393e+02 +1.830100393e+02 -2.1383e+00 +3.1015e+00 -2.8562e+00 +1.0298e+00 -3.5604e+00
1157 0 +3.329189065e-05 +1.830100333e+02 +1.830100333e+02 -2.1373e+00 +3.1066e+00 -2.8504e+00 +1.0289e+00 -3.5527e+00
1221 0 +1.341711186e-05 +1.830100134e+02 +1.830100134e+02 -2.1385e+00 +3.1014e+00 -2.8539e+00 +1.0295e+00 -3.5562e+00
1253 0 +1.008327362e-05 +1.830100101e+02 +1.830100101e+02 -2.1377e+00 +3.1052e+00 -2.8521e+00 +1.0278e+00 -3.5569e+00
1317 0 +5.724908277e-06 +1.830100057e+02 +1.830100057e+02 -2.1380e+00 +3.1030e+00 -2.8528e+00 +1.0292e+00 -3.5578e+00
1349 0 +4.988054911e-06 +1.830100050e+02 +1.830100050e+02 -2.1371e+00 +3.1013e+00 -2.8518e+00 +1.0291e+00 -3.5569e+00
1381 0 +1.948057189e-06 +1.830100019e+02 +1.830100019e+02 -2.1359e+00 +3.1034e+00 -2.8512e+00 +1.0285e+00 -3.5570e+00
1413 0 +1.536330785e-06 +1.830100015e+02 +1.830100015e+02 -2.1353e+00 +3.1030e+00 -2.8513e+00 +1.0289e+00 -3.5567e+00
1444 0 +1.321949355e-06 +1.830100013e+02 +1.830100013e+02 -2.1363e+00 +3.1033e+00 -2.8531e+00 +1.0296e+00 -3.5571e+00
1445 0 +1.211267062e-06 +1.830100012e+02 +1.830100012e+02 -2.1364e+00 +3.1025e+00 -2.8513e+00 +1.0295e+00 -3.5566e+00
1467 0 +6.969795265e-07 +1.830100007e+02 +1.830100007e+02 -2.1354e+00 +3.1033e+00 -2.8522e+00 +1.0301e+00 -3.5570e+00
1477 0 +3.073886603e-07 +1.830100003e+02 +1.830100003e+02 -2.1355e+00 +3.1033e+00 -2.8519e+00 +1.0295e+00 -3.5566e+00
1573 0 +2.119087696e-07 +1.830100002e+02 +1.830100002e+02 -2.1356e+00 +3.1033e+00 -2.8519e+00 +1.0295e+00 -3.5568e+00
1589 0 +1.571510779e-07 +1.830100002e+02 +1.830100002e+02 -2.1362e+00 +3.1032e+00 -2.8519e+00 +1.0299e+00 -3.5567e+00
1600 0 +2.396521381e-08 +1.830100000e+02 +1.830100000e+02 -2.1361e+00 +3.1032e+00 -2.8521e+00 +1.0297e+00 -3.5568e+00
3200 0 +2.396521381e-08 +1.830100000e+02 +1.830100000e+02 -2.1361e+00 +3.1032e+00 -2.8521e+00 +1.0297e+00 -3.5568e+00
% f evaluations | g evaluations | best noise-free fitness - Fopt (1.835200000000e+02) + sum g_i+ | measured fitness | best measured fitness or single-digit g-values | x1 | x2...
1 0 +2.298852829e+01 +2.065085283e+02 +2.065085283e+02 +9.0337e-01 -9.4634e-01 -1.3043e+00 +4.8517e-01 +1.7315e+00
8 0 +1.307485016e+01 +1.965948502e+02 +1.965948502e+02 -5.4837e-01 -7.7478e-01 -7.8818e-01 -1.4481e+00 -8.1143e-01
10 0 +1.254010205e+01 +1.960601020e+02 +1.960601020e+02 -6.1113e-01 -1.5282e+00 -7.6361e-02 -9.6100e-01 -9.7107e-01
36 0 +4.689114621e+00 +1.882091146e+02 +1.882091146e+02 -1.2430e+00 -3.2958e+00 -1.9700e+00 -4.1619e-01 -6.3895e-01
94 0 +1.971226013e+00 +1.854912260e+02 +1.854912260e+02 -1.3566e+00 -3.5752e+00 -2.5154e+00 -2.1017e+00 -5.2186e-01
229 0 +1.768502394e+00 +1.852885024e+02 +1.852885024e+02 +3.7026e-01 -4.3625e+00 -2.3044e+00 -9.1053e-01 -1.0500e+00
261 0 +1.500926229e+00 +1.850209262e+02 +1.850209262e+02 +6.6392e-01 -4.4790e+00 -2.8558e+00 -1.4142e+00 -9.3100e-01
272 0 +1.189347012e+00 +1.847093470e+02 +1.847093470e+02 -9.9972e-02 -3.6931e+00 -3.1948e+00 -2.3665e+00 -1.3174e-01
286 0 +1.020207762e+00 +1.845402078e+02 +1.845402078e+02 -6.2026e-01 -3.4627e+00 -1.9181e+00 -1.5624e+00 -8.2496e-01
310 0 +5.406534977e-01 +1.840606535e+02 +1.840606535e+02 +4.6122e-02 -4.2538e+00 -2.4648e+00 -2.2229e+00 -1.2816e+00
318 0 +3.707052294e-01 +1.838907052e+02 +1.838907052e+02 -4.1974e-01 -3.5156e+00 -2.4266e+00 -1.9397e+00 -5.5034e-01
350 0 +3.103537896e-01 +1.838303538e+02 +1.838303538e+02 -2.4353e-01 -3.5811e+00 -2.1639e+00 -1.7257e+00 -6.2170e-01
371 0 +2.932326558e-01 +1.838132327e+02 +1.838132327e+02 -2.8153e-02 -4.4187e+00 -2.1760e+00 -1.8476e+00 -6.1028e-01
374 0 +2.774880260e-01 +1.837974880e+02 +1.837974880e+02 +3.5733e-01 -3.7795e+00 -2.1365e+00 -1.9562e+00 -9.0433e-01
382 0 +2.081445002e-01 +1.837281445e+02 +1.837281445e+02 -5.9925e-02 -3.5715e+00 -2.3426e+00 -1.9217e+00 -4.2335e-01
389 0 +9.434045669e-02 +1.836143405e+02 +1.836143405e+02 +2.6398e-01 -3.8904e+00 -2.2522e+00 -2.0901e+00 -6.2294e-01
421 0 +8.631564730e-02 +1.836063156e+02 +1.836063156e+02 -3.7709e-02 -3.9258e+00 -2.3526e+00 -2.3187e+00 -7.5534e-01
446 0 +5.655098667e-02 +1.835765510e+02 +1.835765510e+02 -1.1545e-01 -3.8495e+00 -2.3437e+00 -1.8837e+00 -5.4037e-01
478 0 +3.536706709e-02 +1.835553671e+02 +1.835553671e+02 +1.0983e-02 -3.9273e+00 -2.3145e+00 -1.8906e+00 -5.5550e-01
485 0 +3.076640571e-02 +1.835507664e+02 +1.835507664e+02 -2.0309e-02 -3.8174e+00 -2.2488e+00 -2.0924e+00 -7.3230e-01
542 0 +1.204230567e-02 +1.835320423e+02 +1.835320423e+02 -2.8839e-02 -3.9653e+00 -2.3737e+00 -2.0043e+00 -7.4908e-01
574 0 +1.013564808e-02 +1.835301356e+02 +1.835301356e+02 -7.0967e-02 -4.0105e+00 -2.2926e+00 -2.0632e+00 -6.8587e-01
598 0 +9.138247381e-03 +1.835291382e+02 +1.835291382e+02 +8.6889e-03 -3.9407e+00 -2.4184e+00 -2.0252e+00 -6.8648e-01
613 0 +8.082042948e-03 +1.835280820e+02 +1.835280820e+02 -4.8935e-02 -3.9495e+00 -2.3585e+00 -2.0427e+00 -7.3941e-01
622 0 +7.241408715e-03 +1.835272414e+02 +1.835272414e+02 -2.5556e-02 -3.9084e+00 -2.3474e+00 -2.1144e+00 -6.8730e-01
630 0 +3.883650340e-03 +1.835238837e+02 +1.835238837e+02 -6.4917e-02 -3.9569e+00 -2.2926e+00 -2.0441e+00 -6.6304e-01
694 0 +3.604772774e-03 +1.835236048e+02 +1.835236048e+02 -7.9374e-02 -3.9407e+00 -2.3415e+00 -2.0560e+00 -6.5039e-01
709 0 +1.754673898e-03 +1.835217547e+02 +1.835217547e+02 -4.2042e-02 -3.9375e+00 -2.3330e+00 -2.0777e+00 -6.4641e-01
734 0 +1.276990985e-03 +1.835212770e+02 +1.835212770e+02 -2.8343e-02 -3.9625e+00 -2.3511e+00 -2.0218e+00 -6.6521e-01
741 0 +8.552956630e-04 +1.835208553e+02 +1.835208553e+02 -3.8995e-02 -3.9348e+00 -2.3450e+00 -2.0434e+00 -6.3777e-01
790 0 +6.049613135e-04 +1.835206050e+02 +1.835206050e+02 -7.8407e-03 -3.9462e+00 -2.3398e+00 -2.0608e+00 -6.6494e-01
822 0 +4.732876763e-04 +1.835204733e+02 +1.835204733e+02 -3.6084e-02 -3.9354e+00 -2.3201e+00 -2.0467e+00 -6.6052e-01
830 0 +1.944213183e-04 +1.835201944e+02 +1.835201944e+02 -1.5376e-02 -3.9332e+00 -2.3383e+00 -2.0394e+00 -6.5020e-01
854 0 +1.904715807e-04 +1.835201905e+02 +1.835201905e+02 -1.4738e-02 -3.9430e+00 -2.3237e+00 -2.0452e+00 -6.5282e-01
894 0 +1.589546734e-04 +1.835201590e+02 +1.835201590e+02 -2.9769e-02 -3.9459e+00 -2.3285e+00 -2.0492e+00 -6.5925e-01
901 0 +1.562777602e-04 +1.835201563e+02 +1.835201563e+02 -1.5712e-02 -3.9469e+00 -2.3328e+00 -2.0490e+00 -6.5007e-01
918 0 +9.267930625e-05 +1.835200927e+02 +1.835200927e+02 -1.8400e-02 -3.9428e+00 -2.3433e+00 -2.0428e+00 -6.5618e-01
926 0 +8.223257581e-05 +1.835200822e+02 +1.835200822e+02 -3.0181e-02 -3.9444e+00 -2.3346e+00 -2.0441e+00 -6.5713e-01
950 0 +5.221690122e-05 +1.835200522e+02 +1.835200522e+02 -2.0703e-02 -3.9437e+00 -2.3404e+00 -2.0399e+00 -6.5723e-01
958 0 +4.599428618e-05 +1.835200460e+02 +1.835200460e+02 -2.7134e-02 -3.9402e+00 -2.3354e+00 -2.0467e+00 -6.5700e-01
965 0 +2.177796284e-05 +1.835200218e+02 +1.835200218e+02 -2.0390e-02 -3.9399e+00 -2.3378e+00 -2.0409e+00 -6.5820e-01
1014 0 +1.595481223e-05 +1.835200160e+02 +1.835200160e+02 -2.1030e-02 -3.9404e+00 -2.3328e+00 -2.0446e+00 -6.5447e-01
1029 0 +1.522643322e-05 +1.835200152e+02 +1.835200152e+02 -2.1551e-02 -3.9448e+00 -2.3330e+00 -2.0424e+00 -6.5610e-01
1046 0 +1.169107495e-05 +1.835200117e+02 +1.835200117e+02 -2.3955e-02 -3.9403e+00 -2.3330e+00 -2.0437e+00 -6.5605e-01
1061 0 +7.306450868e-06 +1.835200073e+02 +1.835200073e+02 -2.0326e-02 -3.9410e+00 -2.3323e+00 -2.0426e+00 -6.5827e-01
1093 0 +7.047981569e-06 +1.835200070e+02 +1.835200070e+02 -2.2074e-02 -3.9442e+00 -2.3344e+00 -2.0428e+00 -6.5784e-01
1110 0 +3.278898077e-06 +1.835200033e+02 +1.835200033e+02 -2.0897e-02 -3.9416e+00 -2.3344e+00 -2.0446e+00 -6.5663e-01
1125 0 +1.598686254e-06 +1.835200016e+02 +1.835200016e+02 -2.1370e-02 -3.9407e+00 -2.3350e+00 -2.0437e+00 -6.5810e-01
1189 0 +7.768390731e-07 +1.835200008e+02 +1.835200008e+02 -2.1112e-02 -3.9421e+00 -2.3348e+00 -2.0429e+00 -6.5792e-01
1221 0 +4.474182447e-07 +1.835200004e+02 +1.835200004e+02 -2.1326e-02 -3.9419e+00 -2.3349e+00 -2.0434e+00 -6.5784e-01
1253 0 +2.161369252e-07 +1.835200002e+02 +1.835200002e+02 -2.1484e-02 -3.9418e+00 -2.3347e+00 -2.0434e+00 -6.5778e-01
1285 0 +1.814569544e-07 +1.835200002e+02 +1.835200002e+02 -2.1653e-02 -3.9412e+00 -2.3344e+00 -2.0432e+00 -6.5761e-01
1296 0 +1.573455393e-07 +1.835200002e+02 +1.835200002e+02 -2.1794e-02 -3.9416e+00 -2.3341e+00 -2.0434e+00 -6.5747e-01
1310 0 +1.241863004e-07 +1.835200001e+02 +1.835200001e+02 -2.1799e-02 -3.9417e+00 -2.3346e+00 -2.0431e+00 -6.5772e-01
1317 0 +8.515795002e-08 +1.835200001e+02 +1.835200001e+02 -2.1675e-02 -3.9416e+00 -2.3346e+00 -2.0433e+00 -6.5772e-01
1372 0 +2.613072070e-08 +1.835200000e+02 +1.835200000e+02 -2.1671e-02 -3.9415e+00 -2.3343e+00 -2.0433e+00 -6.5767e-01
3200 0 +2.613072070e-08 +1.835200000e+02 +1.835200000e+02 -2.1671e-02 -3.9415e+00 -2.3343e+00 -2.0433e+00 -6.5767e-01
% f evaluations | g evaluations | best noise-free fitness - Fopt (-5.938400000000e+02) + sum g_i+ | measured fitness | best measured fitness or single-digit g-values | x1 | x2...
1 0 +2.138877123e+01 -5.724512288e+02 -5.724512288e+02 -2.3917e+00 +7.6800e-01 -8.9073e-01 -8.8325e-01 -1.7420e+00
2 0 +1.744566346e+01 -5.763943365e+02 -5.763943365e+02 +1.0762e+00 -1.1818e+00 +1.6346e+00 +1.3088e+00 +5.2025e-01
3 0 +1.627165719e+01 -5.775683428e+02 -5.775683428e+02 -3.8339e-01 -6.4847e-02 -3.2364e-01 -9.9685e-01 +4.3639e-01
4 0 +1.238694555e+01 -5.814530545e+02 -5.814530545e+02 -4.7909e-01 -1.0006e+00 -9.9178e-01 +2.4327e-01 +2.2602e+00
6 0 +7.342954275e+00 -5.864970457e+02 -5.864970457e+02 -1.0486e+00 -8.7546e-01 +5.9921e-01 +1.3280e-01 +1.6577e+00
38 0 +4.044626950e+00 -5.897953731e+02 -5.897953731e+02 -1.4833e+00 -1.2369e+00 +5.4997e-01 +1.7789e+00 +2.3492e+00
39 0 +3.525755279e+00 -5.903142447e+02 -5.903142447e+02 -1.9001e+00 -1.1582e+00 +1.3416e+00 +1.7396e+00 +2.2387e+00
82 0 +2.859919292e+00 -5.909800807e+02 -5.909800807e+02 -2.4362e+00 -6.1134e-01 +1.6340e+00 +1.2053e+00 +1.9618e+00
114 0 +2.132439966e+00 -5.917075600e+02 -5.917075600e+02 -3.4063e+00 -5.8553e-01 +1.3113e+00 +2.3346e+00 +1.9854e+00
123 0 +1.077763246e+00 -5.927622368e+02 -5.927622368e+02 -1.9056e+00 -4.1185e-01 +9.6480e-01 +2.1208e+00 +8.9089e-01
236 0 +9.804657498e-01 -5.928595343e+02 -5.928595343e+02 -3.3311e+00 -4.2498e-01 +3.4295e-01 +2.1291e+00 +1.0864e+00
264 0 +5.928064355e-01 -5.932471936e+02 -5.932471936e+02 -2.3379e+00 -2.6571e-01 +1.3501e-01 +2.1438e+00 +1.8337e+00
268 0 +2.266669125e-01 -5.936133331e+02 -5.936133331e+02 -2.9293e+00 -5.5450e-02 +4.8770e-01 +1.8816e+00 +1.3018e+00
300 0 +1.557408509e-01 -5.936842591e+02 -5.936842591e+02 -2.8708e+00 +1.2117e-01 +6.0547e-01 +1.8824e+00 +1.3558e+00
332 0 +4.729153514e-02 -5.937927085e+02 -5.937927085e+02 -2.4848e+00 -2.5674e-02 +7.2140e-01 +2.1663e+00 +1.3186e+00
428 0 +1.539019558e-02 -5.938246098e+02 -5.938246098e+02 -2.5023e+00 +1.8052e-01 +6.1404e-01 +2.1473e+00 +1.4050e+00
524 0 +9.167220574e-03 -5.938308328e+02 -5.938308328e+02 -2.5306e+00 +6.2171e-02 +6.1379e-01 +2.1999e+00 +1.3449e+00
588 0 +5.805335207e-03 -5.938341947e+02 -5.938341947e+02 -2.5800e+00 +1.5347e-01 +6.1272e-01 +2.1566e+00 +1.3711e+00
620 0 +2.351640198e-03 -5.938376484e+02 -5.938376484e+02 -2.5898e+00 +1.2388e-01 +5.5463e-01 +2.1564e+00 +1.3504e+00
684 0 +9.674838975e-04 -5.938390325e+02 -5.938390325e+02 -2.5748e+00 +7.6906e-02 +5.9365e-01 +2.1428e+00 +1.3574e+00
748 0 +8.392816975e-04 -5.938391607e+02 -5.938391607e+02 -2.5860e+00 +7.5213e-02 +5.8239e-01 +2.1322e+00 +1.3759e+00
780 0 +5.962554923e-04 -5.938394037e+02 -5.938394037e+02 -2.5745e+00 +7.2926e-02 +5.7600e-01 +2.1253e+00 +1.3714e+00
795 0 +5.199859428e-04 -5.938394800e+02 -5.938394800e+02 -2.5763e+00 +8.5068e-02 +5.8396e-01 +2.1237e+00 +1.3542e+00
809 0 +4.125410923e-04 -5.938395875e+02 -5.938395875e+02 -2.5724e+00 +1.0764e-01 +5.5709e-01 +2.1343e+00 +1.3638e+00
827 0 +4.047535157e-04 -5.938395952e+02 -5.938395952e+02 -2.5613e+00 +8.2526e-02 +5.8400e-01 +2.1369e+00 +1.3728e+00
835 0 +2.287177352e-04 -5.938397713e+02 -5.938397713e+02 -2.5582e+00 +9.1618e-02 +5.7582e-01 +2.1251e+00 +1.3643e+00
867 0 +1.880504406e-04 -5.938398119e+02 -5.938398119e+02 -2.5621e+00 +9.6211e-02 +5.6474e-01 +2.1251e+00 +1.3648e+00
899 0 +6.498056598e-05 -5.938399350e+02 -5.938399350e+02 -2.5751e+00 +9.8400e-02 +5.6968e-01 +2.1350e+00 +1.3698e+00
936 0 +6.337976754e-05 -5.938399366e+02 -5.938399366e+02 -2.5694e+00 +9.2063e-02 +5.7114e-01 +2.1274e+00 +1.3621e+00
940 0 +4.941884731e-05 -5.938399506e+02 -5.938399506e+02 -2.5706e+00 +9.3890e-02 +5.6971e-01 +2.1293e+00 +1.3713e+00
972 0 +1.035904597e-05 -5.938399896e+02 -5.938399896e+02 -2.5668e+00 +9.4905e-02 +5.7174e-01 +2.1336e+00 +1.3648e+00
1036 0 +6.922532975e-06 -5.938399931e+02 -5.938399931e+02 -2.5693e+00 +9.5604e-02 +5.7301e-01 +2.1353e+00 +1.3652e+00
1068 0 +4.511060411e-06 -5.938399955e+02 -5.938399955e+02 -2.5680e+00 +9.4530e-02 +5.7170e-01 +2.1324e+00 +1.3670e+00
1123 0 +4.347973459e-06 -5.938399957e+02 -5.938399957e+02 -2.5698e+00 +9.5550e-02 +5.7032e-01 +2.1339e+00 +1.3667e+00
1132 0 +3.289739880e-06 -5.938399967e+02 -5.938399967e+02 -2.5681e+00 +9.4782e-02 +5.7172e-01 +2.1327e+00 +1.3663e+00
1164 0 +1.824958076e-06 -5.938399982e+02 -5.938399982e+02 -2.5687e+00 +9.5269e-02 +5.7229e-01 +2.1337e+00 +1.3660e+00
1187 0 +1.458110432e-06 -5.938399985e+02 -5.938399985e+02 -2.5689e+00 +9.4048e-02 +5.7248e-01 +2.1330e+00 +1.3669e+00
1196 0 +6.068679568e-07 -5.938399994e+02 -5.938399994e+02 -2.5694e+00 +9.4893e-02 +5.7204e-01 +2.1336e+00 +1.3658e+00
1232 0 +5.202977036e-07 -5.938399995e+02 -5.938399995e+02 -2.5696e+00 +9.4644e-02 +5.7170e-01 +2.1334e+00 +1.3670e+00
1251 0 +3.133012569e-07 -5.938399997e+02 -5.938399997e+02 -2.5694e+00 +9.4169e-02 +5.7184e-01 +2.1335e+00 +1.3668e+00
1264 0 +2.097322067e-07 -5.938399998e+02 -5.938399998e+02 -2.5695e+00 +9.4350e-02 +5.7207e-01 +2.1336e+00 +1.3668e+00
1296 0 +1.375470902e-07 -5.938399999e+02 -5.938399999e+02 -2.5694e+00 +9.4411e-02 +5.7205e-01 +2.1335e+00 +1.3667e+00
1328 0 +1.300547865e-07 -5.938399999e+02 -5.938399999e+02 -2.5693e+00 +9.4441e-02 +5.7207e-01 +2.1335e+00 +1.3666e+00
3200 0 +1.300547865e-07 -5.938399999e+02 -5.938399999e+02 -2.5693e+00 +9.4441e-02 +5.7207e-01 +2.1335e+00 +1.3666e+00
% f evaluations | g evaluations | best noise-free fitness - Fopt (-1.000000000000e+03) + sum g_i+ | measured fitness | best measured fitness or single-digit g-values | x1 | x2...
1 0 +6.866891102e+01 -9.313310890e+02 -9.313310890e+02 -1.4647e-01 -5.2333e-01 +7.3838e-01 +1.0445e+00 +6.0413e-01
2 0 +5.256684067e+01 -9.474331593e+02 -9.474331593e+02 -5.8508e-01 +5.0775e-03 +4.2329e-01 -7.8086e-01 -2.2032e-01
3 0 +4.645240108e+01 -9.535475989e+02 -9.535475989e+02 -3.4216e-02 +3.6270e-02 +1.7132e-03 -1.7962e+00 +7.7154e-01
7 0 +2.740401045e+01 -9.725959895e+02 -9.725959895e+02 -1.2034e+00 +1.6282e+00 -9.0244e-01 -1.5017e-01 +9.9856e-01
40 0 +6.719788528e+00 -9.932802115e+02 -9.932802115e+02 -3.3936e+00 +1.8035e+00 -2.8249e+00 -3.1124e+00 +3.2389e+00
84 0 +6.440180569e+00 -9.935598194e+02 -9.935598194e+02 -2.5679e+00 +4.4394e+00 -4.9534e+00 -3.5507e+00 +3.7035e+00
230 0 +5.378985379e+00 -9.946210146e+02 -9.946210146e+02 -2.2120e+00 +4.5556e+00 -2.4496e+00 -2.3212e+00 +1.7297e+00
258 0 +4.429149956e+00 -9.955708500e+02 -9.955708500e+02 -2.3201e+00 +4.1320e+00 -2.5811e+00 -2.5618e+00 +2.9931e+00
273 0 +2.285364275e+00 -9.977146357e+02 -9.977146357e+02 -3.2887e+00 +4.2663e+00 -2.9457e+00 -2.9736e+00 +1.4285e+00
302 0 +1.987234187e+00 -9.980127658e+02 -9.980127658e+02 -4.3867e+00 +3.0556e+00 -3.5720e+00 -2.3050e+00 +1.3138e+00
305 0 +1.326187084e+00 -9.986738129e+02 -9.986738129e+02 -4.0191e+00 +4.6263e+00 -4.3459e+00 -2.0120e+00 +2.7846e+00
366 0 +7.517402980e-01 -9.992482597e+02 -9.992482597e+02 -4.3719e+00 +3.3967e+00 -3.8964e+00 -2.4075e+00 +1.7938e+00
433 0 +4.489315145e-01 -9.995510685e+02 -9.995510685e+02 -3.4845e+00 +3.6241e+00 -3.4736e+00 -2.3894e+00 +1.9217e+00
450 0 +3.489723906e-01 -9.996510276e+02 -9.996510276e+02 -3.5196e+00 +3.7848e+00 -3.5194e+00 -2.2123e+00 +1.9944e+00
482 0 +1.629609418e-01 -9.998370391e+02 -9.998370391e+02 -3.7172e+00 +3.6947e+00 -3.7854e+00 -2.5176e+00 +1.9608e+00
514 0 +9.418692552e-02 -9.999058131e+02 -9.999058131e+02 -3.9157e+00 +4.1366e+00 -3.8213e+00 -2.3983e+00 +2.3794e+00
546 0 +6.989321190e-02 -9.999301068e+02 -9.999301068e+02 -3.7611e+00 +3.6877e+00 -3.9397e+00 -2.3118e+00 +2.2373e+00
561 0 +1.423200495e-02 -9.999857680e+02 -9.999857680e+02 -3.7742e+00 +3.8787e+00 -3.8129e+00 -2.5288e+00 +2.2583e+00
625 0 +9.952360106e-03 -9.999900476e+02 -9.999900476e+02 -3.8407e+00 +3.9396e+00 -3.8074e+00 -2.4256e+00 +2.3435e+00
706 0 +9.290921357e-03 -9.999907091e+02 -9.999907091e+02 -3.8427e+00 +3.8263e+00 -3.8395e+00 -2.4026e+00 +2.2207e+00
738 0 +7.138413956e-03 -9.999928616e+02 -9.999928616e+02 -3.8457e+00 +3.9088e+00 -3.8018e+00 -2.3861e+00 +2.3088e+00
770 0 +6.069412437e-03 -9.999939306e+02 -9.999939306e+02 -3.8458e+00 +3.9276e+00 -3.8152e+00 -2.4378e+00 +2.3198e+00
802 0 +5.129738197e-03 -9.999948703e+02 -9.999948703e+02 -3.8507e+00 +3.9141e+00 -3.8531e+00 -2.4572e+00 +2.3145e+00
806 0 +4.487075674e-03 -9.999955129e+02 -9.999955129e+02 -3.8093e+00 +3.8413e+00 -3.8078e+00 -2.4725e+00 +2.2530e+00
817 0 +4.060295618e-03 -9.999959397e+02 -9.999959397e+02 -3.8482e+00 +3.8728e+00 -3.8540e+00 -2.4191e+00 +2.3442e+00
834 0 +1.763623428e-03 -9.999982364e+02 -9.999982364e+02 -3.8653e+00 +3.8321e+00 -3.8240e+00 -2.4539e+00 +2.2730e+00
878 0 +1.377214363e-03 -9.999986228e+02 -9.999986228e+02 -3.8414e+00 +3.8872e+00 -3.8183e+00 -2.4448e+00 +2.2874e+00
881 0 +1.291338050e-03 -9.999987087e+02 -9.999987087e+02 -3.8439e+00 +3.8504e+00 -3.8305e+00 -2.4733e+00 +2.3217e+00
898 0 +6.835530148e-04 -9.999993164e+02 -9.999993164e+02 -3.8450e+00 +3.8543e+00 -3.8209e+00 -2.4304e+00 +2.2796e+00
945 0 +5.039871969e-04 -9.999994960e+02 -9.999994960e+02 -3.8449e+00 +3.8498e+00 -3.8151e+00 -2.4381e+00 +2.3206e+00
964 0 +4.141640924e-04 -9.999995858e+02 -9.999995858e+02 -3.8466e+00 +3.8340e+00 -3.8212e+00 -2.4525e+00 +2.2999e+00
994 0 +2.233083194e-04 -9.999997767e+02 -9.999997767e+02 -3.8497e+00 +3.8491e+00 -3.8188e+00 -2.4366e+00 +2.2919e+00
1038 0 +2.160821178e-04 -9.999997839e+02 -9.999997839e+02 -3.8479e+00 +3.8654e+00 -3.8250e+00 -2.4411e+00 +2.3027e+00
1041 0 +2.001187160e-04 -9.999997999e+02 -9.999997999e+02 -3.8390e+00 +3.8504e+00 -3.8195e+00 -2.4345e+00 +2.2938e+00
1062 0 +1.544740494e-04 -9.999998455e+02 -9.999998455e+02 -3.8400e+00 +3.8521e+00 -3.8265e+00 -2.4525e+00 +2.2924e+00
1073 0 +1.509766184e-04 -9.999998490e+02 -9.999998490e+02 -3.8384e+00 +3.8566e+00 -3.8154e+00 -2.4390e+00 +2.3064e+00
1090 0 +4.533072934e-05 -9.999999547e+02 -9.999999547e+02 -3.8428e+00 +3.8522e+00 -3.8266e+00 -2.4500e+00 +2.3001e+00
1154 0 +3.365432622e-05 -9.999999663e+02 -9.999999663e+02 -3.8427e+00 +3.8503e+00 -3.8204e+00 -2.4412e+00 +2.2983e+00
1186 0 +1.348071100e-05 -9.999999865e+02 -9.999999865e+02 -3.8431e+00 +3.8554e+00 -3.8191e+00 -2.4451e+00 +2.3000e+00
1201 0 +1.042634915e-05 -9.999999896e+02 -9.999999896e+02 -3.8421e+00 +3.8546e+00 -3.8222e+00 -2.4463e+00 +2.3031e+00
1233 0 +7.415348364e-06 -9.999999926e+02 -9.999999926e+02 -3.8422e+00 +3.8546e+00 -3.8222e+00 -2.4451e+00 +2.3023e+00
1282 0 +5.238427661e-06 -9.999999948e+02 -9.999999948e+02 -3.8428e+00 +3.8543e+00 -3.8204e+00 -2.4446e+00 +2.3002e+00
1297 0 +8.792377457e-07 -9.999999991e+02 -9.999999991e+02 -3.8426e+00 +3.8531e+00 -3.8214e+00 -2.4456e+00 +2.3014e+00
1329 0 +2.053808430e-07 -9.999999998e+02 -9.999999998e+02 -3.8429e+00 +3.8529e+00 -3.8215e+00 -2.4453e+00 +2.3007e+00
1448 0 +1.401692771e-07 -9.999999999e+02 -9.999999999e+02 -3.8431e+00 +3.8528e+00 -3.8218e+00 -2.4455e+00 +2.3005e+00
3200 0 +1.401692771e-07 -9.999999999e+02 -9.999999999e+02 -3.8431e+00 +3.8528e+00 -3.8218e+00 -2.4455e+00 +2.3005e+00
% f evaluations | g evaluations | best noise-free fitness - Fopt (-2.531000000000e+01) + sum g_i+ | measured fitness | best measured fitness or single-digit g-values | x1 | x2...
1 0 +2.591317149e+01 +6.031714905e-01 +6.031714905e-01 +7.3830e-01 +6.3745e-01 -8.3714e-01 +9.2850e-01 +9.3102e-01
37 0 +9.913739765e+00 -1.539626024e+01 -1.539626024e+01 +3.1746e+00 +6.9061e-01 +8.9266e-01 +2.1913e+00 +1.5169e+00
130 0 +4.012526005e+00 -2.129747400e+01 -2.129747400e+01 +2.9304e+00 +2.5089e+00 -5.6460e-01 +2.4392e+00 +2.0603e+00
146 0 +2.819899774e+00 -2.249010023e+01 -2.249010023e+01 +4.3064e+00 +4.6869e+00 +4.6542e-01 +2.7229e+00 +1.7381e+00
194 0 +1.129897552e+00 -2.418010245e+01 -2.418010245e+01 +3.6425e+00 +3.2014e+00 +5.0005e-01 +4.0466e+00 +2.7415e+00
290 0 +4.913814029e-01 -2.481861860e+01 -2.481861860e+01 +3.0550e+00 +3.2574e+00 +4.8258e-01 +2.9392e+00 +2.6020e+00
322 0 +3.170783307e-01 -2.499292167e+01 -2.499292167e+01 +3.6390e+00 +3.4741e+00 +1.0900e+00 +2.8733e+00 +2.7483e+00
450 0 +1.533084262e-01 -2.515669157e+01 -2.515669157e+01 +3.4388e+00 +3.5303e+00 +6.8901e-01 +3.2637e+00 +2.0414e+00
578 0 +1.467385181e-01 -2.516326148e+01 -2.516326148e+01 +3.2914e+00 +3.3306e+00 +6.2380e-01 +3.0951e+00 +2.2706e+00
594 0 +1.110349828e-01 -2.519896502e+01 -2.519896502e+01 +3.3979e+00 +3.4561e+00 +1.0734e+00 +3.1148e+00 +2.1719e+00
628 0 +8.561416012e-02 -2.522438584e+01 -2.522438584e+01 +3.4205e+00 +3.4244e+00 +9.1427e-01 +2.9776e+00 +2.5426e+00
642 0 +6.122801809e-02 -2.524877198e+01 -2.524877198e+01 +3.4545e+00 +3.6171e+00 +7.6242e-01 +3.0158e+00 +2.5162e+00
708 0 +4.409810114e-02 -2.526590190e+01 -2.526590190e+01 +3.5196e+00 +3.5756e+00 +8.5208e-01 +3.3503e+00 +2.5005e+00
738 0 +3.611418197e-02 -2.527388582e+01 -2.527388582e+01 +3.5594e+00 +3.6764e+00 +8.2346e-01 +3.2620e+00 +2.3604e+00
866 0 +1.381985357e-02 -2.529618015e+01 -2.529618015e+01 +3.4093e+00 +3.5028e+00 +7.6437e-01 +3.1594e+00 +2.4161e+00
898 0 +1.099742167e-02 -2.529900258e+01 -2.529900258e+01 +3.4032e+00 +3.5188e+00 +8.6751e-01 +3.1482e+00 +2.4567e+00
1026 0 +4.103409852e-03 -2.530589659e+01 -2.530589659e+01 +3.4265e+00 +3.5315e+00 +8.8850e-01 +3.1546e+00 +2.3822e+00
1058 0 +2.534252330e-03 -2.530746575e+01 -2.530746575e+01 +3.4804e+00 +3.5459e+00 +8.6868e-01 +3.1535e+00 +2.3573e+00
1090 0 +1.316538929e-03 -2.530868346e+01 -2.530868346e+01 +3.5001e+00 +3.5351e+00 +8.3507e-01 +3.1905e+00 +2.3873e+00
1250 0 +1.096384458e-03 -2.530890362e+01 -2.530890362e+01 +3.4576e+00 +3.5542e+00 +8.6054e-01 +3.1737e+00 +2.4042e+00
1252 0 +7.323222310e-04 -2.530926768e+01 -2.530926768e+01 +3.4471e+00 +3.5388e+00 +8.6340e-01 +3.1765e+00 +2.3834e+00
1314 0 +3.441468192e-04 -2.530965585e+01 -2.530965585e+01 +3.4608e+00 +3.5333e+00 +8.4919e-01 +3.1745e+00 +2.3761e+00
1442 0 +8.635387188e-05 -2.530991365e+01 -2.530991365e+01 +3.4731e+00 +3.5327e+00 +8.4735e-01 +3.1802e+00 +2.3870e+00
1703 0 +4.199079624e-05 -2.530995801e+01 -2.530995801e+01 +3.4678e+00 +3.5371e+00 +8.5018e-01 +3.1847e+00 +2.3907e+00
1826 0 +1.999671482e-05 -2.530998000e+01 -2.530998000e+01 +3.4691e+00 +3.5285e+00 +8.5150e-01 +3.1862e+00 +2.3874e+00
1842 0 +1.512984531e-05 -2.530998487e+01 -2.530998487e+01 +3.4698e+00 +3.5332e+00 +8.5142e-01 +3.1835e+00 +2.3891e+00
1858 0 +3.768954556e-06 -2.530999623e+01 -2.530999623e+01 +3.4677e+00 +3.5328e+00 +8.5222e-01 +3.1862e+00 +2.3857e+00
2050 0 +2.683901119e-06 -2.530999732e+01 -2.530999732e+01 +3.4680e+00 +3.5336e+00 +8.5310e-01 +3.1873e+00 +2.3880e+00
2180 0 +2.046129499e-06 -2.530999795e+01 -2.530999795e+01 +3.4698e+00 +3.5328e+00 +8.5329e-01 +3.1867e+00 +2.3880e+00
2342 0 +5.177213644e-07 -2.530999948e+01 -2.530999948e+01 +3.4685e+00 +3.5323e+00 +8.5292e-01 +3.1866e+00 +2.3869e+00
2370 0 +2.950909490e-07 -2.530999970e+01 -2.530999970e+01 +3.4686e+00 +3.5326e+00 +8.5258e-01 +3.1867e+00 +2.3870e+00
2530 0 +4.212130023e-08 -2.530999996e+01 -2.530999996e+01 +3.4689e+00 +3.5326e+00 +8.5285e-01 +3.1864e+00 +2.3871e+00
3200 0 +4.212130023e-08 -2.530999996e+01 -2.530999996e+01 +3.4689e+00 +3.5326e+00 +8.5285e-01 +3.1864e+00 +2.3871e+00
% f evaluations | g evaluations | best noise-free fitness - Fopt (2.228000000000e+01) + sum g_i+ | measured fitness | best measured fitness or single-digit g-values | x1 | x2...
1 0 +2.060971609e+01 +4.288971609e+01 +4.288971609e+01 -6.5897e-01 +1.2831e+00 +1.3770e-01 +8.4939e-02 -1.1631e+00
2 0 +1.888914377e+01 +4.116914377e+01 +4.116914377e+01 -7.5598e-01 +5.5589e-01 -2.6405e-02 +1.4324e-01 -4.8058e-01
3 0 +1.138530484e+01 +3.366530484e+01 +3.366530484e+01 -9.8615e-02 -1.3994e+00 -7.6993e-01 +5.6268e-01 +1.0346e-01
25 0 +9.926537456e+00 +3.220653746e+01 +3.220653746e+01 -1.0227e-02 -2.9617e-01 -3.7473e-01 +3.8039e-02 -1.0318e+00
31 0 +9.616469204e+00 +3.189646920e+01 +3.189646920e+01 +1.3889e+00 +1.5850e-01 -1.6828e+00 -5.2721e-02 -4.9235e-01
40 0 +7.493706400e+00 +2.977370640e+01 +2.977370640e+01 -1.5825e-02 +1.0708e-01 -1.1728e+00 -9.9541e-02 -2.1771e+00
42 0 +5.937168092e+00 +2.821716809e+01 +2.821716809e+01 +1.3725e+00 -6.9678e-01 -2.4041e+00 +1.2530e-02 -8.1239e-01
45 0 +3.064237815e+00 +2.534423781e+01 +2.534423781e+01 +1.6002e+00 -1.4966e+00 -2.1463e+00 +3.4123e-01 -1.1164e+00
89 0 +1.701966612e+00 +2.398196661e+01 +2.398196661e+01 +1.0632e+00 -1.8511e+00 -3.0298e+00 +8.3603e-01 -2.3760e+00
194 0 +1.655947190e+00 +2.393594719e+01 +2.393594719e+01 +1.1278e+00 -2.0080e+00 -2.6744e+00 +1.8295e+00 -3.0287e+00
232 0 +1.587161585e+00 +2.386716159e+01 +2.386716159e+01 +1.8679e+00 -1.5968e+00 -2.0929e+00 +9.6752e-01 -3.7892e+00
258 0 +9.020161396e-01 +2.318201614e+01 +2.318201614e+01 +2.1554e+00 -2.0290e+00 -2.1857e+00 +6.4217e-01 -2.7776e+00
318 0 +7.639888030e-01 +2.304398880e+01 +2.304398880e+01 +2.0763e+00 -1.8078e+00 -1.8621e+00 +1.5536e+00 -2.8455e+00
322 0 +4.749717138e-01 +2.275497171e+01 +2.275497171e+01 +1.6132e+00 -1.6566e+00 -2.3818e+00 +1.0928e+00 -2.9792e+00
330 0 +4.367860709e-01 +2.271678607e+01 +2.271678607e+01 +1.3206e+00 -1.8639e+00 -1.3705e+00 +7.6872e-01 -3.0557e+00
354 0 +2.379656527e-01 +2.251796565e+01 +2.251796565e+01 +1.4146e+00 -1.6234e+00 -2.1770e+00 +1.1969e+00 -2.8982e+00
387 0 +2.246886814e-01 +2.250468868e+01 +2.250468868e+01 +1.6047e+00 -1.7453e+00 -1.6407e+00 +1.3148e+00 -2.4050e+00
418 0 +1.565629096e-01 +2.243656291e+01 +2.243656291e+01 +1.3614e+00 -1.7068e+00 -2.1493e+00 +1.1283e+00 -2.4903e+00
451 0 +1.153833196e-01 +2.239538332e+01 +2.239538332e+01 +1.5281e+00 -2.0082e+00 -1.8469e+00 +1.0600e+00 -2.8763e+00
454 0 +1.130358558e-01 +2.239303586e+01 +2.239303586e+01 +1.5294e+00 -1.9280e+00 -1.6095e+00 +9.9816e-01 -2.8383e+00
458 0 +9.905135342e-02 +2.237905135e+01 +2.237905135e+01 +1.2112e+00 -1.9439e+00 -1.8251e+00 +9.7210e-01 -2.8302e+00
482 0 +7.865393978e-02 +2.235865394e+01 +2.235865394e+01 +1.3640e+00 -1.8064e+00 -2.0204e+00 +8.5418e-01 -2.5658e+00
514 0 +2.950374617e-02 +2.230950375e+01 +2.230950375e+01 +1.5019e+00 -1.7324e+00 -1.9210e+00 +1.0946e+00 -2.6001e+00
611 0 +2.136569139e-02 +2.230136569e+01 +2.230136569e+01 +1.3229e+00 -1.6888e+00 -1.8869e+00 +1.0531e+00 -2.6652e+00
618 0 +1.052535724e-02 +2.229052536e+01 +2.229052536e+01 +1.3399e+00 -1.7919e+00 -1.8508e+00 +9.9122e-01 -2.7202e+00
642 0 +5.561418052e-03 +2.228556142e+01 +2.228556142e+01 +1.4812e+00 -1.7802e+00 -1.8492e+00 +1.0279e+00 -2.6593e+00
738 0 +2.925770896e-03 +2.228292577e+01 +2.228292577e+01 +1.4256e+00 -1.7373e+00 -1.8328e+00 +9.9648e-01 -2.6364e+00
757 0 +2.587970849e-03 +2.228258797e+01 +2.228258797e+01 +1.4197e+00 -1.7990e+00 -1.8322e+00 +1.0304e+00 -2.6195e+00
770 0 +2.045021406e-03 +2.228204502e+01 +2.228204502e+01 +1.4236e+00 -1.7473e+00 -1.8048e+00 +1.0438e+00 -2.6521e+00
802 0 +1.509150571e-03 +2.228150915e+01 +2.228150915e+01 +1.4177e+00 -1.7532e+00 -1.8181e+00 +1.0053e+00 -2.6339e+00
821 0 +1.404955646e-03 +2.228140496e+01 +2.228140496e+01 +1.4163e+00 -1.7562e+00 -1.8521e+00 +1.0232e+00 -2.6592e+00
834 0 +8.231731092e-04 +2.228082317e+01 +2.228082317e+01 +1.4326e+00 -1.7681e+00 -1.8149e+00 +1.0017e+00 -2.6539e+00
867 0 +8.101322050e-04 +2.228081013e+01 +2.228081013e+01 +1.3963e+00 -1.7564e+00 -1.8108e+00 +1.0201e+00 -2.6615e+00
898 0 +6.857723901e-04 +2.228068577e+01 +2.228068577e+01 +1.4218e+00 -1.7641e+00 -1.8053e+00 +1.0043e+00 -2.6610e+00
904 0 +5.795934779e-04 +2.228057959e+01 +2.228057959e+01 +1.4289e+00 -1.7667e+00 -1.8242e+00 +1.0107e+00 -2.6745e+00
926 0 +3.420947069e-04 +2.228034209e+01 +2.228034209e+01 +1.4236e+00 -1.7706e+00 -1.8132e+00 +1.0281e+00 -2.6592e+00
955 0 +1.748703662e-04 +2.228017487e+01 +2.228017487e+01 +1.4190e+00 -1.7836e+00 -1.8214e+00 +1.0271e+00 -2.6616e+00
1013 0 +1.437945744e-04 +2.228014379e+01 +2.228014379e+01 +1.4195e+00 -1.7800e+00 -1.8215e+00 +1.0127e+00 -2.6536e+00
1026 0 +8.271832697e-05 +2.228008272e+01 +2.228008272e+01 +1.4089e+00 -1.7749e+00 -1.8279e+00 +1.0138e+00 -2.6647e+00
1045 0 +6.424435924e-05 +2.228006424e+01 +2.228006424e+01 +1.4189e+00 -1.7781e+00 -1.8256e+00 +1.0207e+00 -2.6612e+00
1090 0 +3.955277203e-05 +2.228003955e+01 +2.228003955e+01 +1.4162e+00 -1.7756e+00 -1.8231e+00 +1.0133e+00 -2.6591e+00
1113 0 +3.436903882e-05 +2.228003437e+01 +2.228003437e+01 +1.4141e+00 -1.7723e+00 -1.8188e+00 +1.0160e+00 -2.6632e+00
1122 0 +2.456342063e-05 +2.228002456e+01 +2.228002456e+01 +1.4097e+00 -1.7783e+00 -1.8234e+00 +1.0199e+00 -2.6636e+00
1154 0 +1.857322512e-05 +2.228001857e+01 +2.228001857e+01 +1.4147e+00 -1.7783e+00 -1.8187e+00 +1.0159e+00 -2.6628e+00
1186 0 +4.453034268e-06 +2.228000445e+01 +2.228000445e+01 +1.4120e+00 -1.7766e+00 -1.8227e+00 +1.0190e+00 -2.6624e+00
1314 0 +3.125905753e-06 +2.228000313e+01 +2.228000313e+01 +1.4118e+00 -1.7761e+00 -1.8206e+00 +1.0168e+00 -2.6618e+00
1346 0 +2.606513558e-06 +2.228000261e+01 +2.228000261e+01 +1.4119e+00 -1.7762e+00 -1.8206e+00 +1.0169e+00 -2.6616e+00
1347 0 +2.386781265e-06 +2.228000239e+01 +2.228000239e+01 +1.4132e+00 -1.7763e+00 -1.8219e+00 +1.0178e+00 -2.6630e+00
1354 0 +1.847454271e-06 +2.228000185e+01 +2.228000185e+01 +1.4127e+00 -1.7771e+00 -1.8225e+00 +1.0171e+00 -2.6624e+00
1378 0 +1.054017638e-06 +2.228000105e+01 +2.228000105e+01 +1.4120e+00 -1.7768e+00 -1.8218e+00 +1.0175e+00 -2.6623e+00
1406 0 +6.625722548e-07 +2.228000066e+01 +2.228000066e+01 +1.4131e+00 -1.7774e+00 -1.8217e+00 +1.0180e+00 -2.6617e+00
1442 0 +4.812600345e-07 +2.228000048e+01 +2.228000048e+01 +1.4125e+00 -1.7767e+00 -1.8213e+00 +1.0174e+00 -2.6621e+00
1470 0 +4.228218131e-07 +2.228000042e+01 +2.228000042e+01 +1.4134e+00 -1.7767e+00 -1.8215e+00 +1.0175e+00 -2.6619e+00
1475 0 +2.979747578e-07 +2.228000030e+01 +2.228000030e+01 +1.4123e+00 -1.7768e+00 -1.8216e+00 +1.0174e+00 -2.6614e+00
1482 0 +2.579069651e-07 +2.228000026e+01 +2.228000026e+01 +1.4126e+00 -1.7768e+00 -1.8212e+00 +1.0174e+00 -2.6615e+00
1506 0 +2.504387133e-07 +2.228000025e+01 +2.228000025e+01 +1.4125e+00 -1.7768e+00 -1.8214e+00 +1.0175e+00 -2.6620e+00
1525 0 +2.386858036e-07 +2.228000024e+01 +2.228000024e+01 +1.4125e+00 -1.7767e+00 -1.8217e+00 +1.0177e+00 -2.6619e+00
1529 0 +1.829057510e-07 +2.228000018e+01 +2.228000018e+01 +1.4128e+00 -1.7766e+00 -1.8213e+00 +1.0174e+00 -2.6618e+00
1534 0 +1.082317631e-07 +2.228000011e+01 +2.228000011e+01 +1.4130e+00 -1.7768e+00 -1.8214e+00 +1.0176e+00 -2.6618e+00
1566 0 +8.166078658e-08 +2.228000008e+01 +2.228000008e+01 +1.4129e+00 -1.7768e+00 -1.8215e+00 +1.0176e+00 -2.6619e+00
1581 0 +5.176396911e-08 +2.228000005e+01 +2.228000005e+01 +1.4127e+00 -1.7767e+00 -1.8215e+00 +1.0176e+00 -2.6618e+00
3200 0 +5.176396911e-08 +2.228000005e+01 +2.228000005e+01 +1.4127e+00 -1.7767e+00 -1.8215e+00 +1.0176e+00 -2.6618e+00
% f evaluations | g evaluations | best noise-free fitness - Fopt (3.561400000000e+02) + sum g_i+ | measured fitness | best measured fitness or single-digit g-values | x1 | x2...
1 0 +4.844092053e+01 +4.045809205e+02 +4.045809205e+02 -1.3213e+00 +7.2849e-01 +1.1431e+00 -1.1064e+00 -1.0527e+00
2 0 +5.324270304e+00 +3.614642703e+02 +3.614642703e+02 +1.8338e+00 -3.1364e-01 -1.9750e+00 +5.9797e-01 +1.1868e+00
35 0 +3.713013995e+00 +3.598530140e+02 +3.598530140e+02 +2.8712e+00 -5.4440e-01 -2.4920e+00 +1.9796e+00 +6.7664e-01
60 0 +2.427091872e+00 +3.585670919e+02 +3.585670919e+02 +2.3846e+00 -8.3710e-01 -2.7738e+00 +1.2800e+00 +1.4395e+00
77 0 +1.430608123e+00 +3.575706081e+02 +3.575706081e+02 +1.5624e+00 -7.3038e-01 -2.6168e+00 +1.5001e+00 +1.5173e+00
141 0 +3.179975001e-01 +3.564579975e+02 +3.564579975e+02 +1.8604e+00 -4.8986e-01 -3.5153e+00 +2.0637e+00 +1.0682e+00
269 0 +2.114995754e-01 +3.563514996e+02 +3.563514996e+02 +1.2772e+00 -7.2041e-01 -3.6017e+00 +2.1022e+00 +1.0789e+00
301 0 +1.888517579e-01 +3.563288518e+02 +3.563288518e+02 +1.5695e+00 -4.9206e-01 -3.9035e+00 +2.0869e+00 +1.5802e+00
333 0 +1.432552917e-01 +3.562832553e+02 +3.562832553e+02 +1.6422e+00 -5.7381e-01 -3.4817e+00 +1.9359e+00 +1.2802e+00
365 0 +6.177153862e-02 +3.562017715e+02 +3.562017715e+02 +1.4629e+00 -7.1753e-01 -3.4733e+00 +2.0860e+00 +1.3847e+00
429 0 +5.373394917e-02 +3.561937339e+02 +3.561937339e+02 +1.3300e+00 -5.0986e-01 -3.5625e+00 +2.0358e+00 +1.3881e+00
461 0 +2.844168329e-02 +3.561684417e+02 +3.561684417e+02 +1.4357e+00 -6.3643e-01 -3.5454e+00 +2.1078e+00 +1.3805e+00
493 0 +2.694789342e-02 +3.561669479e+02 +3.561669479e+02 +1.4144e+00 -5.9732e-01 -3.5309e+00 +2.0860e+00 +1.3947e+00
494 0 +2.654363366e-02 +3.561665436e+02 +3.561665436e+02 +1.3622e+00 -5.3711e-01 -3.4560e+00 +2.1208e+00 +1.4149e+00
501 0 +2.292785676e-02 +3.561629279e+02 +3.561629279e+02 +1.4011e+00 -5.0375e-01 -3.5109e+00 +2.1025e+00 +1.4922e+00
525 0 +1.846759967e-02 +3.561584676e+02 +3.561584676e+02 +1.4612e+00 -5.2736e-01 -3.5362e+00 +2.0866e+00 +1.4317e+00
557 0 +1.165879588e-02 +3.561516588e+02 +3.561516588e+02 +1.4363e+00 -5.1453e-01 -3.5420e+00 +2.1181e+00 +1.4411e+00
593 0 +9.483223735e-03 +3.561494832e+02 +3.561494832e+02 +1.5019e+00 -5.1162e-01 -3.5033e+00 +2.1532e+00 +1.4660e+00
621 0 +5.620377440e-03 +3.561456204e+02 +3.561456204e+02 +1.4116e+00 -5.4637e-01 -3.5472e+00 +2.1690e+00 +1.4229e+00
661 0 +5.458765108e-03 +3.561454588e+02 +3.561454588e+02 +1.4691e+00 -4.6147e-01 -3.5544e+00 +2.1947e+00 +1.4449e+00
685 0 +3.673579671e-03 +3.561436736e+02 +3.561436736e+02 +1.4393e+00 -5.3355e-01 -3.5553e+00 +2.1686e+00 +1.4334e+00
717 0 +2.221820794e-03 +3.561422218e+02 +3.561422218e+02 +1.4576e+00 -5.1423e-01 -3.5244e+00 +2.1792e+00 +1.4360e+00
749 0 +1.332164601e-03 +3.561413322e+02 +3.561413322e+02 +1.4476e+00 -5.2001e-01 -3.5325e+00 +2.1890e+00 +1.4210e+00
781 0 +9.696524920e-04 +3.561409697e+02 +3.561409697e+02 +1.4620e+00 -5.3238e-01 -3.5419e+00 +2.1930e+00 +1.4237e+00
813 0 +7.462747911e-04 +3.561407463e+02 +3.561407463e+02 +1.4414e+00 -5.2492e-01 -3.5302e+00 +2.2085e+00 +1.4136e+00
845 0 +4.396460969e-04 +3.561404396e+02 +3.561404396e+02 +1.4554e+00 -5.2958e-01 -3.5210e+00 +2.2109e+00 +1.4280e+00
877 0 +3.767555226e-04 +3.561403768e+02 +3.561403768e+02 +1.4408e+00 -5.2139e-01 -3.5351e+00 +2.2214e+00 +1.4211e+00
909 0 +3.034658925e-04 +3.561403035e+02 +3.561403035e+02 +1.4435e+00 -5.2934e-01 -3.5403e+00 +2.2156e+00 +1.4254e+00
941 0 +1.653223192e-04 +3.561401653e+02 +3.561401653e+02 +1.4535e+00 -5.2186e-01 -3.5378e+00 +2.2111e+00 +1.4257e+00
973 0 +1.364554921e-04 +3.561401365e+02 +3.561401365e+02 +1.4532e+00 -5.2466e-01 -3.5359e+00 +2.2160e+00 +1.4199e+00
1005 0 +9.851628118e-05 +3.561400985e+02 +3.561400985e+02 +1.4512e+00 -5.2760e-01 -3.5360e+00 +2.2168e+00 +1.4257e+00
1037 0 +6.877949755e-05 +3.561400688e+02 +3.561400688e+02 +1.4523e+00 -5.2598e-01 -3.5356e+00 +2.2174e+00 +1.4290e+00
1069 0 +3.397853845e-05 +3.561400340e+02 +3.561400340e+02 +1.4533e+00 -5.2293e-01 -3.5388e+00 +2.2205e+00 +1.4280e+00
1101 0 +2.633084648e-05 +3.561400263e+02 +3.561400263e+02 +1.4536e+00 -5.2494e-01 -3.5385e+00 +2.2209e+00 +1.4282e+00
1133 0 +1.305280210e-05 +3.561400131e+02 +3.561400131e+02 +1.4559e+00 -5.2310e-01 -3.5374e+00 +2.2211e+00 +1.4265e+00
1165 0 +8.765188454e-06 +3.561400088e+02 +3.561400088e+02 +1.4568e+00 -5.2416e-01 -3.5391e+00 +2.2215e+00 +1.4263e+00
1261 0 +7.353999024e-06 +3.561400074e+02 +3.561400074e+02 +1.4561e+00 -5.2388e-01 -3.5372e+00 +2.2214e+00 +1.4277e+00
1262 0 +5.685800033e-06 +3.561400057e+02 +3.561400057e+02 +1.4566e+00 -5.2507e-01 -3.5366e+00 +2.2218e+00 +1.4271e+00
1307 0 +3.650574570e-06 +3.561400037e+02 +3.561400037e+02 +1.4576e+00 -5.2482e-01 -3.5366e+00 +2.2224e+00 +1.4265e+00
1339 0 +3.046537131e-06 +3.561400030e+02 +3.561400030e+02 +1.4573e+00 -5.2450e-01 -3.5370e+00 +2.2221e+00 +1.4269e+00
3200 0 +3.046537131e-06 +3.561400030e+02 +3.561400030e+02 +1.4573e+00 -5.2450e-01 -3.5370e+00 +2.2221e+00 +1.4269e+00
% f evaluations | g evaluations | best noise-free fitness - Fopt (-4.757000000000e+02) + sum g_i+ | measured fitness | best measured fitness or single-digit g-values | x1 | x2...
1 0 +3.731566522e+01 -4.383843348e+02 -4.383843348e+02 +6.5624e-01 -6.2602e-01 -8.8533e-01 +2.1124e-01 +6.4690e-01
2 0 +2.503911955e+01 -4.506608805e+02 -4.506608805e+02 +1.1001e+00 -1.8578e+00 -3.3668e-01 +1.4949e+00 -1.8431e+00
4 0 +2.275015738e+01 -4.529498426e+02 -4.529498426e+02 -8.3676e-01 -2.4380e-01 +1.0236e+00 -7.2091e-01 -5.9699e-01
7 0 +2.172176281e+01 -4.539782372e+02 -4.539782372e+02 +1.4721e+00 -1.7784e+00 +1.3670e+00 +6.1364e-02 -1.3473e+00
13 0 +1.848092110e+01 -4.572190789e+02 -4.572190789e+02 -7.0011e-01 +1.6544e-01 +1.0229e-01 +2.3118e+00 +3.2472e-01
33 0 +9.846026589e+00 -4.658539734e+02 -4.658539734e+02 +2.2477e-01 +7.9140e-02 +1.7942e+00 +1.6273e+00 -7.4868e-02
63 0 +9.216470601e+00 -4.664835294e+02 -4.664835294e+02 +4.7693e-01 -6.5058e-01 +1.1178e+00 +2.6364e+00 -2.1351e+00
68 0 +5.140100430e+00 -4.705598996e+02 -4.705598996e+02 -2.8207e-01 -6.0079e-01 +2.8266e+00 +3.9664e+00 +4.0569e-02
107 0 +4.505280798e+00 -4.711947192e+02 -4.711947192e+02 -3.0951e-01 -7.2948e-01 +3.5767e+00 +4.8517e+00 -8.4430e-01
126 0 +4.137294990e+00 -4.715627050e+02 -4.715627050e+02 -1.5247e+00 +7.1730e-01 +2.4310e+00 +2.3739e+00 -1.4260e+00
139 0 +2.858571870e+00 -4.728414281e+02 -4.728414281e+02 -1.2824e+00 -1.0969e+00 +4.0950e+00 +4.4660e+00 -1.7290e+00
187 0 +2.132312544e+00 -4.735676875e+02 -4.735676875e+02 -1.2038e+00 -1.1642e+00 +3.8556e+00 +1.8086e+00 -1.8681e+00
251 0 +1.849048451e+00 -4.738509515e+02 -4.738509515e+02 -1.0194e+00 -4.7973e-01 +4.3338e+00 +1.7979e+00 -1.9121e+00
267 0 +1.728692033e+00 -4.739713080e+02 -4.739713080e+02 -1.2213e+00 -6.8213e-01 +4.7095e+00 +3.6660e+00 -1.2006e+00
268 0 +1.191696913e+00 -4.745083031e+02 -4.745083031e+02 -6.0854e-01 +4.4057e-01 +3.4961e+00 +3.3776e+00 -1.3120e+00
283 0 +9.115631099e-01 -4.747884369e+02 -4.747884369e+02 -1.2739e+00 -1.6036e-01 +3.0419e+00 +2.8487e+00 -1.9140e+00
321 0 +5.992646372e-01 -4.751007354e+02 -4.751007354e+02 -8.8053e-01 -3.8248e-01 +4.1623e+00 +3.6025e+00 -1.3721e+00
355 0 +4.246313113e-01 -4.752753687e+02 -4.752753687e+02 -7.4702e-01 -5.8070e-02 +4.2087e+00 +3.1926e+00 -1.4455e+00
363 0 +2.692162166e-01 -4.754307838e+02 -4.754307838e+02 -4.6006e-01 -6.3052e-01 +3.8214e+00 +2.9590e+00 -1.3759e+00
395 0 +2.381454390e-01 -4.754618546e+02 -4.754618546e+02 -7.6514e-01 -4.7922e-01 +3.4743e+00 +3.3453e+00 -1.8246e+00
411 0 +1.431720022e-01 -4.755568280e+02 -4.755568280e+02 -7.4725e-01 -4.0225e-01 +3.9540e+00 +2.7516e+00 -1.8878e+00
443 0 +1.154775839e-01 -4.755845224e+02 -4.755845224e+02 -1.0028e+00 -3.2317e-01 +3.7627e+00 +2.7994e+00 -1.8488e+00
459 0 +8.123537126e-02 -4.756187646e+02 -4.756187646e+02 -9.2678e-01 -3.9535e-01 +3.6105e+00 +3.1719e+00 -1.5791e+00
478 0 +7.780119485e-02 -4.756221988e+02 -4.756221988e+02 -9.2083e-01 -3.0594e-01 +3.6725e+00 +2.8134e+00 -1.6885e+00
483 0 +6.074189190e-02 -4.756392581e+02 -4.756392581e+02 -8.3051e-01 -3.1775e-01 +3.6189e+00 +3.0040e+00 -1.5549e+00
491 0 +3.105892428e-02 -4.756689411e+02 -4.756689411e+02 -7.5830e-01 -4.6592e-01 +3.8431e+00 +3.0824e+00 -1.5544e+00
523 0 +2.201230225e-02 -4.756779877e+02 -4.756779877e+02 -7.8022e-01 -4.8697e-01 +3.6781e+00 +2.9719e+00 -1.7513e+00
571 0 +1.470013859e-02 -4.756852999e+02 -4.756852999e+02 -8.0970e-01 -3.7072e-01 +3.8267e+00 +2.9229e+00 -1.6633e+00
587 0 +1.194153469e-02 -4.756880585e+02 -4.756880585e+02 -8.9282e-01 -3.7809e-01 +3.7986e+00 +3.0492e+00 -1.7237e+00
609 0 +1.088192996e-02 -4.756891181e+02 -4.756891181e+02 -9.0894e-01 -4.5666e-01 +3.8023e+00 +3.0489e+00 -1.7321e+00
619 0 +9.501970387e-03 -4.756904980e+02 -4.756904980e+02 -8.3913e-01 -3.7216e-01 +3.7394e+00 +2.9857e+00 -1.6439e+00
634 0 +8.717884437e-03 -4.756912821e+02 -4.756912821e+02 -7.6222e-01 -4.6250e-01 +3.8148e+00 +3.0017e+00 -1.7385e+00
641 0 +6.700719977e-03 -4.756932993e+02 -4.756932993e+02 -8.0428e-01 -4.3377e-01 +3.8141e+00 +3.0582e+00 -1.7337e+00
649 0 +5.850322811e-03 -4.756941497e+02 -4.756941497e+02 -8.7712e-01 -4.5641e-01 +3.8010e+00 +2.9939e+00 -1.6276e+00
651 0 +4.711581678e-03 -4.756952884e+02 -4.756952884e+02 -8.8938e-01 -4.3262e-01 +3.7645e+00 +2.9934e+00 -1.7012e+00
666 0 +3.917726569e-03 -4.756960823e+02 -4.756960823e+02 -7.8702e-01 -4.7509e-01 +3.7887e+00 +3.0031e+00 -1.6497e+00
683 0 +2.445655737e-03 -4.756975543e+02 -4.756975543e+02 -7.9227e-01 -4.2211e-01 +3.7957e+00 +3.0021e+00 -1.7051e+00
705 0 +2.325327271e-03 -4.756976747e+02 -4.756976747e+02 -8.5813e-01 -4.5733e-01 +3.8028e+00 +3.0105e+00 -1.7160e+00
715 0 +2.158538088e-03 -4.756978415e+02 -4.756978415e+02 -7.9301e-01 -4.4345e-01 +3.7976e+00 +3.0327e+00 -1.6875e+00
731 0 +1.936410165e-03 -4.756980636e+02 -4.756980636e+02 -8.2657e-01 -4.8673e-01 +3.7846e+00 +2.9982e+00 -1.6885e+00
739 0 +1.256257130e-03 -4.756987437e+02 -4.756987437e+02 -8.1595e-01 -4.5784e-01 +3.7668e+00 +2.9941e+00 -1.7009e+00
747 0 +2.799119601e-04 -4.756997201e+02 -4.756997201e+02 -8.2751e-01 -4.4399e-01 +3.7777e+00 +3.0022e+00 -1.6703e+00
843 0 +2.391992309e-04 -4.756997608e+02 -4.756997608e+02 -8.3556e-01 -4.4469e-01 +3.7870e+00 +3.0027e+00 -1.6970e+00
858 0 +1.769461444e-04 -4.756998231e+02 -4.756998231e+02 -8.3013e-01 -4.4867e-01 +3.7854e+00 +3.0028e+00 -1.6714e+00
862 0 +1.684157144e-04 -4.756998316e+02 -4.756998316e+02 -8.3183e-01 -4.3271e-01 +3.7905e+00 +3.0103e+00 -1.6864e+00
865 0 +1.604994187e-04 -4.756998395e+02 -4.756998395e+02 -8.2990e-01 -4.5268e-01 +3.7808e+00 +2.9998e+00 -1.6831e+00
867 0 +1.573080236e-04 -4.756998427e+02 -4.756998427e+02 -8.3181e-01 -4.4685e-01 +3.7875e+00 +2.9966e+00 -1.6901e+00
875 0 +1.439925242e-04 -4.756998560e+02 -4.756998560e+02 -8.3591e-01 -4.3540e-01 +3.7889e+00 +3.0023e+00 -1.6865e+00
894 0 +9.142946635e-05 -4.756999086e+02 -4.756999086e+02 -8.2817e-01 -4.4538e-01 +3.7958e+00 +3.0047e+00 -1.6865e+00
897 0 +7.405908622e-05 -4.756999259e+02 -4.756999259e+02 -8.2333e-01 -4.4489e-01 +3.7851e+00 +3.0047e+00 -1.6780e+00
931 0 +6.109560036e-05 -4.756999389e+02 -4.756999389e+02 -8.3362e-01 -4.4387e-01 +3.7883e+00 +3.0088e+00 -1.6770e+00
939 0 +4.361604874e-05 -4.756999564e+02 -4.756999564e+02 -8.3328e-01 -4.4290e-01 +3.7820e+00 +3.0075e+00 -1.6838e+00
971 0 +3.417034191e-05 -4.756999658e+02 -4.756999658e+02 -8.3266e-01 -4.4448e-01 +3.7836e+00 +3.0030e+00 -1.6840e+00
987 0 +1.831653515e-05 -4.756999817e+02 -4.756999817e+02 -8.2852e-01 -4.4522e-01 +3.7889e+00 +3.0098e+00 -1.6843e+00
1027 0 +1.790109917e-05 -4.756999821e+02 -4.756999821e+02 -8.2696e-01 -4.4474e-01 +3.7880e+00 +3.0090e+00 -1.6849e+00
1035 0 +1.245954383e-05 -4.756999875e+02 -4.756999875e+02 -8.2846e-01 -4.4704e-01 +3.7872e+00 +3.0065e+00 -1.6818e+00
1057 0 +1.145792828e-05 -4.756999885e+02 -4.756999885e+02 -8.2791e-01 -4.4584e-01 +3.7871e+00 +3.0075e+00 -1.6852e+00
1067 0 +9.856805320e-06 -4.756999901e+02 -4.756999901e+02 -8.3056e-01 -4.4549e-01 +3.7883e+00 +3.0057e+00 -1.6810e+00
1083 0 +5.412339362e-06 -4.756999946e+02 -4.756999946e+02 -8.3001e-01 -4.4317e-01 +3.7880e+00 +3.0056e+00 -1.6850e+00
1089 0 +4.651965185e-06 -4.756999953e+02 -4.756999953e+02 -8.3052e-01 -4.4506e-01 +3.7866e+00 +3.0061e+00 -1.6847e+00
1131 0 +3.516970594e-06 -4.756999965e+02 -4.756999965e+02 -8.3113e-01 -4.4466e-01 +3.7879e+00 +3.0068e+00 -1.6828e+00
1132 0 +3.074238577e-06 -4.756999969e+02 -4.756999969e+02 -8.3007e-01 -4.4258e-01 +3.7878e+00 +3.0070e+00 -1.6829e+00
1135 0 +1.385888083e-06 -4.756999986e+02 -4.756999986e+02 -8.2924e-01 -4.4369e-01 +3.7869e+00 +3.0056e+00 -1.6825e+00
1147 0 +1.236194464e-06 -4.756999988e+02 -4.756999988e+02 -8.2911e-01 -4.4327e-01 +3.7875e+00 +3.0061e+00 -1.6837e+00
1225 0 +1.080605387e-06 -4.756999989e+02 -4.756999989e+02 -8.2923e-01 -4.4419e-01 +3.7869e+00 +3.0056e+00 -1.6836e+00
1227 0 +7.669826800e-07 -4.756999992e+02 -4.756999992e+02 -8.2930e-01 -4.4409e-01 +3.7879e+00 +3.0062e+00 -1.6835e+00
1243 0 +5.910093250e-07 -4.756999994e+02 -4.756999994e+02 -8.2985e-01 -4.4400e-01 +3.7868e+00 +3.0070e+00 -1.6833e+00
1263 0 +4.384382919e-07 -4.756999996e+02 -4.756999996e+02 -8.2949e-01 -4.4394e-01 +3.7870e+00 +3.0066e+00 -1.6838e+00
1275 0 +3.537054454e-07 -4.756999996e+02 -4.756999996e+02 -8.2951e-01 -4.4419e-01 +3.7869e+00 +3.0069e+00 -1.6832e+00
1291 0 +3.392032681e-07 -4.756999997e+02 -4.756999997e+02 -8.2994e-01 -4.4356e-01 +3.7873e+00 +3.0064e+00 -1.6830e+00
1297 0 +3.135393740e-07 -4.756999997e+02 -4.756999997e+02 -8.2942e-01 -4.4391e-01 +3.7870e+00 +3.0065e+00 -1.6837e+00
1306 0 +2.678280566e-07 -4.756999997e+02 -4.756999997e+02 -8.2931e-01 -4.4420e-01 +3.7870e+00 +3.0061e+00 -1.6831e+00
1313 0 +2.042139613e-07 -4.756999998e+02 -4.756999998e+02 -8.2967e-01 -4.4426e-01 +3.7871e+00 +3.0063e+00 -1.6829e+00
1315 0 +1.938774972e-07 -4.756999998e+02 -4.756999998e+02 -8.2992e-01 -4.4412e-01 +3.7873e+00 +3.0062e+00 -1.6830e+00
1323 0 +1.550634465e-07 -4.756999998e+02 -4.756999998e+02 -8.2966e-01 -4.4390e-01 +3.7876e+00 +3.0064e+00 -1.6832e+00
1324 0 +1.401542704e-07 -4.756999999e+02 -4.756999999e+02 -8.2943e-01 -4.4430e-01 +3.7873e+00 +3.0065e+00 -1.6832e+00
1360 0 +1.077914362e-07 -4.756999999e+02 -4.756999999e+02 -8.2965e-01 -4.4393e-01 +3.7874e+00 +3.0066e+00 -1.6834e+00
1370 0 +1.969021923e-08 -4.757000000e+02 -4.757000000e+02 -8.2969e-01 -4.4398e-01 +3.7873e+00 +3.0063e+00 -1.6833e+00
3200 0 +1.969021923e-08 -4.757000000e+02 -4.757000000e+02 -8.2969e-01 -4.4398e-01 +3.7873e+00 +3.0063e+00 -1.6833e+00
% f evaluations | g evaluations | best noise-free fitness - Fopt (-1.000000000000e+03) + sum g_i+ | measured fitness | best measured fitness or single-digit g-values | x1 | x2...
1 0 +7.243275612e+01 -9.275672439e+02 -9.275672439e+02 +8.2057e-01 -9.1916e-01 -6.5459e-01 +7.1786e-01 +1.2084e+00
2 0 +4.767488573e+01 -9.523251143e+02 -9.523251143e+02 -5.8174e-01 -9.2070e-01 +6.9305e-02 +8.5911e-02 +6.7377e-02
3 0 +4.023966563e+01 -9.597603344e+02 -9.597603344e+02 -1.5709e+00 -4.7231e-01 -5.0476e-01 -5.7721e-01 -3.5113e-01
10 0 +3.058727366e+01 -9.694127263e+02 -9.694127263e+02 -1.4247e+00 +1.0666e+00 +6.1954e-01 -1.0011e+00 +1.3255e+00
13 0 +2.990014020e+01 -9.700998598e+02 -9.700998598e+02 -1.7028e-01 +9.7922e-01 +1.8542e+00 -3.4313e-02 +5.6840e-01
33 0 +1.966305880e+01 -9.803369412e+02 -9.803369412e+02 -9.1776e-01 +2.2372e+00 +1.8809e+00 -8.6764e-03 +3.4413e-01
47 0 +1.764427817e+01 -9.823557218e+02 -9.823557218e+02 -1.4500e+00 +2.3074e+00 +1.7973e+00 -1.2363e+00 +8.6851e-01
53 0 +1.664454200e+01 -9.833554580e+02 -9.833554580e+02 -1.6882e+00 +2.2550e+00 +2.4431e+00 -4.8320e-02 +9.0319e-01
66 0 +1.496240110e+01 -9.850375989e+02 -9.850375989e+02 -1.1777e+00 +3.0180e+00 +1.5122e+00 -2.9585e-01 -4.9781e-01
68 0 +1.121068007e+01 -9.887893199e+02 -9.887893199e+02 -2.5710e+00 +4.8818e+00 +2.6194e+00 -2.8058e+00 +1.9178e-01
81 0 +4.343280679e+00 -9.956567193e+02 -9.956567193e+02 -2.6378e+00 +3.3546e+00 +3.8944e+00 -1.8624e+00 -1.7087e-01
254 0 +2.973531842e+00 -9.970264682e+02 -9.970264682e+02 -3.9695e+00 +3.6005e+00 +3.2530e+00 -1.8609e+00 -3.3969e+00
258 0 +2.478508941e+00 -9.975214911e+02 -9.975214911e+02 -3.3801e+00 +3.6432e+00 +4.1622e+00 -5.0919e-02 -2.2021e+00
275 0 +1.448747890e+00 -9.985512521e+02 -9.985512521e+02 -4.0640e+00 +2.5717e+00 +3.9386e+00 -2.0194e+00 -1.1876e+00
290 0 +9.652779074e-01 -9.990347221e+02 -9.990347221e+02 -3.0603e+00 +3.5495e+00 +4.1643e+00 -1.1389e+00 -1.5224e+00
322 0 +6.993761666e-01 -9.993006238e+02 -9.993006238e+02 -4.2293e+00 +3.1578e+00 +4.1673e+00 -1.4970e+00 -2.3774e+00
339 0 +5.729814739e-01 -9.994270185e+02 -9.994270185e+02 -3.7221e+00 +3.4486e+00 +3.9475e+00 -1.0640e+00 -1.2196e+00
354 0 +4.239468348e-01 -9.995760532e+02 -9.995760532e+02 -3.7045e+00 +3.2063e+00 +3.5755e+00 -8.2220e-01 -1.9678e+00
382 0 +3.512019301e-01 -9.996487981e+02 -9.996487981e+02 -3.2709e+00 +3.5589e+00 +3.7435e+00 -1.5295e+00 -1.8106e+00
386 0 +3.158883620e-01 -9.996841116e+02 -9.996841116e+02 -3.6099e+00 +2.9957e+00 +3.6608e+00 -1.0303e+00 -1.9557e+00
400 0 +1.964606721e-01 -9.998035393e+02 -9.998035393e+02 -3.8368e+00 +3.4247e+00 +3.4337e+00 -1.1312e+00 -1.7273e+00
414 0 +1.575045550e-01 -9.998424954e+02 -9.998424954e+02 -3.9056e+00 +3.4194e+00 +3.6453e+00 -1.2282e+00 -1.5294e+00
442 0 +1.527619188e-01 -9.998472381e+02 -9.998472381e+02 -4.0171e+00 +3.4924e+00 +3.8506e+00 -1.6652e+00 -1.8960e+00
446 0 +1.461871598e-01 -9.998538128e+02 -9.998538128e+02 -3.5160e+00 +3.4581e+00 +3.5882e+00 -1.5727e+00 -1.7944e+00
450 0 +5.068939703e-02 -9.999493106e+02 -9.999493106e+02 -3.7845e+00 +3.1460e+00 +3.7483e+00 -1.3057e+00 -1.9114e+00
514 0 +3.644806758e-02 -9.999635519e+02 -9.999635519e+02 -3.7374e+00 +3.3512e+00 +3.7162e+00 -1.2969e+00 -1.9590e+00
528 0 +2.715772557e-02 -9.999728423e+02 -9.999728423e+02 -3.7603e+00 +3.4473e+00 +3.7257e+00 -1.4853e+00 -1.9070e+00
542 0 +1.791879104e-02 -9.999820812e+02 -9.999820812e+02 -3.8132e+00 +3.3788e+00 +3.7845e+00 -1.5190e+00 -1.8807e+00
567 0 +1.765018837e-02 -9.999823498e+02 -9.999823498e+02 -3.7241e+00 +3.2281e+00 +3.7670e+00 -1.4269e+00 -1.8733e+00
574 0 +1.597052771e-02 -9.999840295e+02 -9.999840295e+02 -3.7641e+00 +3.3577e+00 +3.7912e+00 -1.3543e+00 -1.7603e+00
578 0 +8.241207424e-03 -9.999917588e+02 -9.999917588e+02 -3.8102e+00 +3.4056e+00 +3.7484e+00 -1.4008e+00 -1.8115e+00
610 0 +7.706692122e-03 -9.999922933e+02 -9.999922933e+02 -3.7808e+00 +3.3795e+00 +3.6954e+00 -1.4335e+00 -1.7853e+00
627 0 +3.124119630e-03 -9.999968759e+02 -9.999968759e+02 -3.8016e+00 +3.2802e+00 +3.7167e+00 -1.3998e+00 -1.8603e+00
670 0 +2.687786936e-03 -9.999973122e+02 -9.999973122e+02 -3.8295e+00 +3.3232e+00 +3.7715e+00 -1.4389e+00 -1.8448e+00
674 0 +2.404171067e-03 -9.999975958e+02 -9.999975958e+02 -3.7783e+00 +3.3166e+00 +3.7601e+00 -1.3997e+00 -1.8090e+00
702 0 +1.887698651e-03 -9.999981123e+02 -9.999981123e+02 -3.7666e+00 +3.3286e+00 +3.7230e+00 -1.4292e+00 -1.8534e+00
706 0 +1.519058840e-03 -9.999984809e+02 -9.999984809e+02 -3.7863e+00 +3.3344e+00 +3.7390e+00 -1.4350e+00 -1.8629e+00
723 0 +5.149005509e-04 -9.999994851e+02 -9.999994851e+02 -3.8215e+00 +3.3135e+00 +3.7288e+00 -1.4126e+00 -1.8324e+00
787 0 +1.574571046e-04 -9.999998425e+02 -9.999998425e+02 -3.8051e+00 +3.3157e+00 +3.7354e+00 -1.4104e+00 -1.8337e+00
834 0 +1.434725069e-04 -9.999998565e+02 -9.999998565e+02 -3.7911e+00 +3.3220e+00 +3.7293e+00 -1.4222e+00 -1.8331e+00
848 0 +9.379059782e-05 -9.999999062e+02 -9.999999062e+02 -3.8032e+00 +3.3215e+00 +3.7237e+00 -1.4178e+00 -1.8324e+00
862 0 +6.795541719e-05 -9.999999320e+02 -9.999999320e+02 -3.8072e+00 +3.3205e+00 +3.7276e+00 -1.4218e+00 -1.8296e+00
866 0 +5.558517194e-05 -9.999999444e+02 -9.999999444e+02 -3.8069e+00 +3.3158e+00 +3.7326e+00 -1.4213e+00 -1.8327e+00
898 0 +5.231272269e-05 -9.999999477e+02 -9.999999477e+02 -3.8028e+00 +3.3146e+00 +3.7321e+00 -1.4225e+00 -1.8338e+00
912 0 +4.803157674e-05 -9.999999520e+02 -9.999999520e+02 -3.8009e+00 +3.3206e+00 +3.7321e+00 -1.4196e+00 -1.8271e+00
930 0 +2.914425704e-05 -9.999999709e+02 -9.999999709e+02 -3.8025e+00 +3.3166e+00 +3.7327e+00 -1.4227e+00 -1.8343e+00
951 0 +2.481969329e-05 -9.999999752e+02 -9.999999752e+02 -3.8046e+00 +3.3223e+00 +3.7330e+00 -1.4247e+00 -1.8356e+00
962 0 +1.602258658e-05 -9.999999840e+02 -9.999999840e+02 -3.8051e+00 +3.3212e+00 +3.7333e+00 -1.4237e+00 -1.8338e+00
994 0 +1.491818853e-05 -9.999999851e+02 -9.999999851e+02 -3.8038e+00 +3.3181e+00 +3.7323e+00 -1.4213e+00 -1.8331e+00
1008 0 +1.084365829e-05 -9.999999892e+02 -9.999999892e+02 -3.8011e+00 +3.3205e+00 +3.7343e+00 -1.4229e+00 -1.8323e+00
1022 0 +1.021818923e-05 -9.999999898e+02 -9.999999898e+02 -3.8020e+00 +3.3223e+00 +3.7336e+00 -1.4228e+00 -1.8314e+00
1026 0 +7.340898719e-06 -9.999999927e+02 -9.999999927e+02 -3.8043e+00 +3.3225e+00 +3.7340e+00 -1.4220e+00 -1.8337e+00
1043 0 +3.908175700e-06 -9.999999961e+02 -9.999999961e+02 -3.8016e+00 +3.3222e+00 +3.7323e+00 -1.4193e+00 -1.8342e+00
1072 0 +3.573563163e-06 -9.999999964e+02 -9.999999964e+02 -3.8017e+00 +3.3229e+00 +3.7317e+00 -1.4206e+00 -1.8330e+00
1086 0 +1.960198006e-06 -9.999999980e+02 -9.999999980e+02 -3.8016e+00 +3.3220e+00 +3.7318e+00 -1.4206e+00 -1.8340e+00
1104 0 +1.668633899e-06 -9.999999983e+02 -9.999999983e+02 -3.8018e+00 +3.3226e+00 +3.7327e+00 -1.4208e+00 -1.8331e+00
1136 0 +8.981289739e-07 -9.999999991e+02 -9.999999991e+02 -3.8020e+00 +3.3223e+00 +3.7326e+00 -1.4211e+00 -1.8331e+00
1166 0 +8.671739806e-07 -9.999999991e+02 -9.999999991e+02 -3.8024e+00 +3.3216e+00 +3.7333e+00 -1.4208e+00 -1.8344e+00
1170 0 +7.193339115e-07 -9.999999993e+02 -9.999999993e+02 -3.8025e+00 +3.3219e+00 +3.7321e+00 -1.4205e+00 -1.8339e+00
1179 0 +6.907903298e-07 -9.999999993e+02 -9.999999993e+02 -3.8022e+00 +3.3223e+00 +3.7329e+00 -1.4211e+00 -1.8339e+00
1198 0 +3.879140422e-07 -9.999999996e+02 -9.999999996e+02 -3.8025e+00 +3.3216e+00 +3.7331e+00 -1.4211e+00 -1.8341e+00
1202 0 +2.892846851e-07 -9.999999997e+02 -9.999999997e+02 -3.8025e+00 +3.3218e+00 +3.7323e+00 -1.4208e+00 -1.8337e+00
3200 0 +2.892846851e-07 -9.999999997e+02 -9.999999997e+02 -3.8025e+00 +3.3218e+00 +3.7323e+00 -1.4208e+00 -1.8337e+00
% f evaluations | g evaluations | best noise-free fitness - Fopt (-4.158000000000e+01) + sum g_i+ | measured fitness | best measured fitness or single-digit g-values | x1 | x2...
1 0 +2.469783998e+01 -1.688216002e+01 -1.688216002e+01 -7.6171e-02 +4.8900e-01 +2.5251e-01 +1.5362e+00 +9.8241e-01
3 0 +1.792548153e+01 -2.365451847e+01 -2.365451847e+01 +4.3038e-01 +1.4981e+00 -3.2255e-01 +2.2061e+00 +5.4051e-01
7 0 +9.567078427e+00 -3.201292157e+01 -3.201292157e+01 +3.4659e-01 +6.9810e-01 -1.7696e+00 +1.2085e+00 -7.2997e-03
14 0 +8.724645572e+00 -3.285535443e+01 -3.285535443e+01 -3.4592e-01 +1.2287e+00 -1.3006e+00 -3.8886e-01 +1.8758e-01
34 0 +2.599577530e+00 -3.898042247e+01 -3.898042247e+01 +1.1461e+00 +2.7969e+00 -1.9672e+00 +8.4921e-01 -1.0068e+00
113 0 +2.239646553e+00 -3.934035345e+01 -3.934035345e+01 +9.4011e-01 +3.0407e+00 -3.5344e+00 +9.3921e-01 -2.0483e+00
145 0 +1.502799706e+00 -4.007720029e+01 -4.007720029e+01 -2.2636e-02 +3.4557e+00 -2.7604e+00 -6.1682e-01 -5.4024e-01
209 0 +1.036701916e+00 -4.054329808e+01 -4.054329808e+01 -3.0968e-01 +2.5087e+00 -2.8897e+00 -1.6952e-01 -1.3038e+00
241 0 +8.352195190e-01 -4.074478048e+01 -4.074478048e+01 +4.7456e-02 +3.1349e+00 -3.3813e+00 +3.5531e-02 -1.7435e+00
273 0 +5.352449379e-01 -4.104475506e+01 -4.104475506e+01 +3.1747e-01 +3.0668e+00 -2.8003e+00 +4.2711e-01 -1.2514e+00
305 0 +3.909306257e-01 -4.118906937e+01 -4.118906937e+01 +8.7174e-02 +2.6969e+00 -2.9106e+00 +1.1826e-01 -1.0626e+00
337 0 +1.631993007e-01 -4.141680070e+01 -4.141680070e+01 +4.4554e-01 +2.9783e+00 -2.9026e+00 +2.9964e-02 -1.3577e+00
369 0 +8.081115034e-02 -4.149918885e+01 -4.149918885e+01 +4.4375e-01 +2.6249e+00 -3.1738e+00 -8.7410e-02 -1.0721e+00
401 0 +5.719026829e-02 -4.152280973e+01 -4.152280973e+01 +5.9260e-01 +2.6474e+00 -3.1356e+00 -2.1818e-01 -1.1779e+00
433 0 +4.295001013e-02 -4.153704999e+01 -4.153704999e+01 +5.8122e-01 +2.8002e+00 -3.1035e+00 +2.8659e-02 -9.8730e-01
465 0 +2.689844470e-02 -4.155310156e+01 -4.155310156e+01 +5.0902e-01 +2.7880e+00 -3.0693e+00 -1.9471e-01 -1.1778e+00
497 0 +1.788352161e-02 -4.156211648e+01 -4.156211648e+01 +4.8962e-01 +2.8811e+00 -3.0645e+00 -1.1178e-01 -1.1274e+00
529 0 +1.269374762e-02 -4.156730625e+01 -4.156730625e+01 +5.1458e-01 +2.7768e+00 -3.1392e+00 -1.0214e-01 -1.1278e+00
561 0 +6.803969894e-03 -4.157319603e+01 -4.157319603e+01 +5.4399e-01 +2.8136e+00 -3.0976e+00 -1.0519e-01 -1.1039e+00
593 0 +5.815196414e-03 -4.157418480e+01 -4.157418480e+01 +5.5310e-01 +2.8583e+00 -3.0957e+00 -6.5894e-02 -1.1552e+00
625 0 +3.590867219e-03 -4.157640913e+01 -4.157640913e+01 +5.7066e-01 +2.8145e+00 -3.1176e+00 -8.0407e-02 -1.1119e+00
657 0 +1.992106511e-03 -4.157800789e+01 -4.157800789e+01 +5.6551e-01 +2.8468e+00 -3.1160e+00 -1.0380e-01 -1.1534e+00
689 0 +1.166276361e-03 -4.157883372e+01 -4.157883372e+01 +5.8219e-01 +2.8395e+00 -3.1108e+00 -9.9305e-02 -1.1343e+00
721 0 +9.261942481e-04 -4.157907381e+01 -4.157907381e+01 +5.7397e-01 +2.8367e+00 -3.1375e+00 -1.1520e-01 -1.1328e+00
753 0 +5.387599711e-04 -4.157946124e+01 -4.157946124e+01 +5.8563e-01 +2.8510e+00 -3.1227e+00 -1.0072e-01 -1.1444e+00
785 0 +2.886315498e-04 -4.157971137e+01 -4.157971137e+01 +5.8482e-01 +2.8439e+00 -3.1314e+00 -1.0269e-01 -1.1338e+00
817 0 +2.432034699e-04 -4.157975680e+01 -4.157975680e+01 +5.8596e-01 +2.8592e+00 -3.1344e+00 -1.1230e-01 -1.1319e+00
849 0 +1.107699663e-04 -4.157988923e+01 -4.157988923e+01 +5.9208e-01 +2.8523e+00 -3.1304e+00 -1.0930e-01 -1.1348e+00
881 0 +8.178907225e-05 -4.157991821e+01 -4.157991821e+01 +5.9212e-01 +2.8488e+00 -3.1324e+00 -1.0186e-01 -1.1328e+00
913 0 +5.013505184e-05 -4.157994986e+01 -4.157994986e+01 +5.9181e-01 +2.8541e+00 -3.1404e+00 -1.0592e-01 -1.1344e+00
945 0 +3.075598641e-05 -4.157996924e+01 -4.157996924e+01 +5.9330e-01 +2.8523e+00 -3.1349e+00 -1.0692e-01 -1.1325e+00
977 0 +1.624140715e-05 -4.157998376e+01 -4.157998376e+01 +5.9380e-01 +2.8531e+00 -3.1367e+00 -1.0541e-01 -1.1312e+00
1009 0 +6.423671550e-06 -4.157999358e+01 -4.157999358e+01 +5.9647e-01 +2.8537e+00 -3.1360e+00 -1.0388e-01 -1.1309e+00
1073 0 +5.756482025e-06 -4.157999424e+01 -4.157999424e+01 +5.9630e-01 +2.8514e+00 -3.1386e+00 -1.0381e-01 -1.1321e+00
1105 0 +3.471365730e-06 -4.157999653e+01 -4.157999653e+01 +5.9765e-01 +2.8523e+00 -3.1360e+00 -1.0507e-01 -1.1327e+00
1137 0 +8.735200012e-07 -4.157999913e+01 -4.157999913e+01 +5.9701e-01 +2.8527e+00 -3.1369e+00 -1.0470e-01 -1.1320e+00
1169 0 +6.435727187e-07 -4.157999936e+01 -4.157999936e+01 +5.9774e-01 +2.8523e+00 -3.1381e+00 -1.0504e-01 -1.1318e+00
1201 0 +5.664787253e-07 -4.157999943e+01 -4.157999943e+01 +5.9811e-01 +2.8530e+00 -3.1380e+00 -1.0493e-01 -1.1318e+00
1233 0 +4.378818446e-07 -4.157999956e+01 -4.157999956e+01 +5.9725e-01 +2.8525e+00 -3.1374e+00 -1.0443e-01 -1.1317e+00
1265 0 +1.759001904e-07 -4.157999982e+01 -4.157999982e+01 +5.9792e-01 +2.8529e+00 -3.1378e+00 -1.0497e-01 -1.1320e+00
1297 0 +9.835426340e-08 -4.157999990e+01 -4.157999990e+01 +5.9757e-01 +2.8530e+00 -3.1378e+00 -1.0482e-01 -1.1320e+00
1329 0 +5.211596488e-08 -4.157999995e+01 -4.157999995e+01 +5.9758e-01 +2.8527e+00 -3.1378e+00 -1.0478e-01 -1.1319e+00
1361 0 +3.207927080e-08 -4.157999997e+01 -4.157999997e+01 +5.9766e-01 +2.8527e+00 -3.1377e+00 -1.0483e-01 -1.1319e+00
1393 0 +1.050282350e-08 -4.157999999e+01 -4.157999999e+01 +5.9765e-01 +2.8528e+00 -3.1377e+00 -1.0483e-01 -1.1320e+00
1425 0 +7.188305062e-09 -4.157999999e+01 -4.157999999e+01 +5.9760e-01 +2.8528e+00 -3.1377e+00 -1.0477e-01 -1.1319e+00
3200 0 +3.316742436e-10 -4.158000000e+01 -4.158000000e+01 +5.9760e-01 +2.8528e+00 -3.1376e+00 -1.0481e-01 -1.1320e+00
